point 1
gen 0
lala land
l35
l51
l28
l85
l87
l21
l43
l42
l25
l56
l72
l81
l99
l20
l11
l83
l16
l69
l84
l37
l64
l91
l98
l48
l0
l17
l75
l97
l62
l50
l79
l12
l78
l34
l66
l6
l5
l19
l26
l33
l54
l3
l18
l73
l74
l4
l67
l1
l89
l70
l31
l90
l41
l32
l2
l45
l29
l96
l61
l30
l59
l55
l38
l13
l68
l93
l9
l39
l27
l76
l15
l40
l94
l23
l60
l8
l77
l86
l53
l22
l92
l47
l49
l71
l58
l95
l46
l24
l63
l36
l65
l44
l14
l80
l88
l82
l7
l52
l57
l10
Pop
i99, 046046 055049 046046 053053 054054 046052 051051 046052 051052 055054 051047 055051 054054 047047 054051 053046 049050 047050 053047 050048 049047 053055 048046 047046 047051 047055 047046 052048 052052 048052 048055 048046 052054 051046 048053 049054 047047 054048 053054 055052 049054 051052 046053 051054 051051 046054 051049 047049 052049 052047 053054 051054 051052 046052 049051 048046 046054 051055 055051 047054 050054 054048 048052 046051 052055 048052 052047 054048 053053 049047 048048 052055 046046 047050 049053 047049 047055 048047 050052 051050 047054 055054 054053 051050 047053 051050 053048 050055 046046 046055 048048 054050 054046 052052 055052 050050 054048 055051 049047 054049
i178, 049048 054050 046049 054050 047054 052047 053046 054046 054054 054053 050053 055055 050049 049055 051051 052053 049055 047046 053055 051048 053049 055054 048048 051051 050047 049048 047047 047055 049055 054048 051048 051049 048054 054049 054046 054054 055055 053049 053053 048048 050055 054052 046049 050051 054048 052053 049046 047050 053050 051054 054054 053051 054054 052052 049048 054052 052046 046051 054054 048048 052054 051055 053053 049049 052052 054047 051051 047048 049050 047054 054055 051046 053050 046053 051049 055052 049047 053046 055050 052046 055054 050054 047055 051051 054053 053047 051047 047055 054052 054053 051046 049049 052054 053055 052055 050049 049048 050051 054055 048051
i286, 048052 055047 052050 053048 047053 054049 050046 054052 048053 048047 053053 046055 048052 047049 054046 050046 049046 050050 055052 049054 053053 050050 046050 051046 047052 055055 047046 052052 047053 052048 048053 052055 049051 046053 053048 048051 046055 055047 054055 051052 046055 047047 046049 052055 051051 054049 052052 047054 054050 050052 049053 046051 051051 052052 048051 046052 050048 047050 047050 048054 051050 055054 055053 054055 050052 052048 051053 051054 054046 048055 055049 052055 047047 046046 048046 049046 047047 048053 050053 051046 055055 049050 052053 050055 051053 048047 053049 049055 046046 046051 052052 054049 046050 046052 049052 049047 054049 055050 053052 054048
i596, 052046 055051 046046 050048 050050 052046 048051 046046 053046 055046 047047 049050 046046 052046 053054 046047 046051 047053 046052 046052 053053 055055 048046 050046 055047 052055 047047 049048 047046 048049 048051 049048 048048 051051 051050 049051 055046 055050 053050 050054 055052 051046 049055 055050 049051 050049 051051 050047 051053 047054 054048 051055 048052 048050 051047 052055 053052 049055 050054 049047 049054 049054 053052 054046 052052 052052 055047 055055 049051 047047 054048 049049 053048 051046 047053 049053 049047 054053 055048 049050 054055 054052 053052 054052 048048 053053 053054 051050 046051 051049 052052 054050 046054 053048 047046 049049 049047 050051 053052 047051
i15, 055046 048054 046046 046053 050047 049052 051052 049046 054050 046048 053053 055055 053046 051054 054050 046055 051046 047050 046046 054052 047053 055046 046052 052047 052052 055048 047055 049053 052051 051051 051048 046046 052052 053048 054051 051054 053046 047053 051051 049054 052049 055055 049051 051055 046051 049054 051049 049046 050047 050047 048048 049046 048047 050050 051048 055052 048048 048055 050054 050047 050054 053055 050046 046049 049052 055051 051048 047047 054050 051050 055047 049053 051048 052053 049051 048048 047054 053053 050050 052046 055046 050055 049050 052050 048047 046047 053053 050047 050050 052051 046052 049047 054050 047049 049049 053050 054046 055051 047046 047053
i464, 054054 054055 050052 053048 053047 049055 055048 055053 055052 055046 047051 048055 049047 051048 051046 047047 046051 054055 048051 054046 046047 053055 046048 050048 052047 048055 046046 053053 046053 048050 048049 051051 052051 048051 053050 054054 046051 051050 050055 046048 052052 052051 046050 051051 051054 053049 054051 049046 048053 054050 054054 054055 048047 050050 046054 052052 048048 047050 054055 054054 053055 055053 046052 054048 052052 052051 051051 051051 049052 046051 049047 054046 053046 053046 053052 048053 052055 055047 046048 051046 050055 053055 053054 050054 053052 049051 052053 049055 048048 046051 052046 052054 053054 052047 048052 047048 049046 055051 048053 049048
i676, 046054 055055 049050 054048 054052 052049 053051 054051 055054 046050 050051 051047 046047 054054 055051 047054 046046 052054 046046 046048 049053 050049 048050 047050 051055 049047 053046 046052 052053 049048 051051 054053 048052 053053 048046 051051 047047 054050 053051 050054 046052 047050 053048 052054 049049 049046 051047 050049 051053 054052 053054 054051 052051 051049 053054 052052 052053 049049 050054 048054 051051 049051 051055 046046 052046 047054 051051 050051 046054 048053 047052 046055 049048 046046 052053 055053 047047 055046 048048 052052 050047 053049 055047 048055 051054 050047 052054 050047 046046 050046 050052 054055 046054 051052 047052 051049 055054 055052 049052 051051
i257, 048046 048050 051052 047053 053054 055049 048055 046054 049055 049054 047050 055050 046046 048049 047053 050046 051053 047053 046048 055049 048047 054047 050048 050047 055047 047046 052053 046053 046049 048054 051051 046046 052047 052048 050051 054054 051051 049047 055050 055048 055049 055051 046049 047051 051048 047053 046046 047046 050050 054054 054053 051051 049054 050051 049048 052047 048054 050047 054050 047050 054050 046054 047051 046051 052051 048051 051047 054051 055054 050048 054051 052046 046055 046046 050049 048051 047055 047053 050048 052049 055050 047046 052047 052053 048048 047047 053053 047051 046046 053046 051052 054047 049052 052047 049052 050047 051054 049048 051047 048049
i147, 048046 050050 052055 050054 048054 054048 048051 054054 052054 054046 046053 055055 054051 049048 054047 046046 046053 054048 047048 055054 053053 055046 048046 047047 051048 055053 046047 049053 051052 055048 048055 051051 051053 048053 050054 054054 051050 047055 052053 051054 055055 051051 049048 055054 049046 048053 054049 052047 051050 052054 053054 055055 055054 049049 048053 050046 048051 047051 050047 054050 054054 046053 047055 054049 047051 049051 051054 047051 048051 055047 047054 049049 050053 051050 049050 055049 047047 046053 052052 049051 050055 055055 047052 052050 051046 054047 049053 050047 051055 054051 052052 054050 054049 053052 055055 047052 048054 047051 047050 053051
i703, 052053 050055 052046 047048 054052 055049 048048 054054 054052 049051 052047 052055 046048 048051 054047 046046 049051 050047 052048 048050 049053 051055 048048 047051 048052 047052 046046 053053 048053 050048 051048 046046 051048 054053 051053 054048 047046 054054 051051 055052 049049 050052 052049 052051 051048 054055 046050 050049 055051 050054 051054 051048 051052 052052 054049 049046 050048 049050 054055 050054 053046 049051 052053 048051 046052 054052 051055 055051 051054 048051 055049 049049 054053 046055 049050 053053 046051 046046 046054 047051 047055 050054 051052 051054 048048 047054 054052 054050 054051 055051 054052 054054 054054 052051 055047 050050 055050 051052 052047 049055
i739, 053053 049049 047046 051053 047052 054055 048048 055055 054054 047049 054052 047055 046050 049049 054054 048052 053052 050047 051046 052046 046053 046050 053051 047048 051047 047055 047047 049046 052046 048051 048055 049046 054048 054052 051051 051054 055055 053048 053053 052050 050052 052047 053048 047051 051046 055054 052051 046049 051050 054054 051054 049051 054048 050051 054054 047052 052051 049051 054050 049054 049054 050049 047052 046046 047046 051052 053046 051047 052047 047054 047051 049049 046051 046054 055047 046047 049049 053053 054048 051049 047054 050047 050047 050050 047054 053050 054052 047050 055046 046046 052052 054049 053048 051053 052052 050049 049054 052051 049050 054054
i715, 052050 047048 049046 053047 047053 054050 048052 054046 054052 055054 051054 055050 049054 048048 051054 047053 046052 050052 046053 048055 049053 049047 050046 052052 052048 047055 047046 055055 048047 048048 051048 046048 048052 048051 046052 051048 048051 048050 051055 048053 052055 054054 047046 051047 051051 049053 050048 054049 050047 050052 050048 046053 052052 050052 047048 055046 048052 047049 054055 052052 046054 054054 054047 055046 052051 051052 052055 054048 048053 049048 049047 055049 048048 055053 055053 052047 051050 049053 047055 052049 055055 055055 052047 050055 050054 047047 047052 050047 046051 046046 046052 047046 046046 052052 052052 049049 054052 054046 049047 049048
i567, 053054 048050 046052 051050 052047 054046 052052 054055 054051 054050 047047 055046 050046 047054 051051 053053 052049 052050 052055 051050 046047 053053 053050 047052 051047 048052 049047 053046 054054 048052 048051 046048 051048 047048 051054 054048 046055 049050 053053 052050 050046 052055 049049 050052 054052 055047 046050 052047 053053 050054 051051 055054 051047 052047 053054 054052 046054 050051 050047 050050 049054 054047 055047 054046 050046 048052 051051 050055 054046 047047 047054 052052 048053 055046 049053 047055 047047 053048 050050 046049 054046 050052 052052 053046 047054 050050 047054 047050 051046 051046 054052 053054 049046 052051 046047 049053 046052 052050 054055 054048
i491, 052048 048047 046046 052050 051047 049047 052048 053051 052055 046054 047050 047052 050049 047048 051051 046052 046051 048046 048046 048048 049049 050050 048046 051050 055052 055047 047051 051052 047047 048047 055048 051049 051048 046046 050046 049053 050047 051053 050053 054052 050055 048047 049046 046055 054054 052049 046055 049049 052049 050054 054051 055048 051052 048046 051048 049047 046046 051050 050054 054047 053051 055049 050053 046046 049052 050047 054052 054047 054054 050047 054049 053052 050048 048046 047047 049049 047052 053046 048053 055046 054046 046054 052050 052051 054051 050047 055047 050055 051046 046047 050051 054049 049049 052053 054054 050047 054047 051048 049052 049049
i514, 053049 048055 049046 053051 051054 055047 053053 054054 054053 046046 051047 055055 046048 054046 047047 047050 046052 051051 046054 052050 047053 054046 046050 047047 052052 047055 046047 055049 052049 053046 055051 046047 052052 046048 054051 049048 047046 053055 053050 052055 050049 047051 046047 051054 054049 055050 051047 047047 050053 050052 048051 051055 047052 052052 051048 050052 046054 047049 048054 047054 054052 051054 053053 051049 055052 047050 051051 051053 051048 047053 054051 052052 051049 048052 050049 049053 047052 053049 051048 053046 047046 055052 052046 054046 048055 047050 055053 050047 046051 054046 046046 052055 053046 046052 047046 049047 047047 052048 050050 047055
i725, 054046 047047 046046 050052 050047 049049 049048 046046 053054 046050 052047 049048 047054 049049 054051 046046 046053 051047 053048 054048 053048 047046 049050 050051 055051 055052 047049 053050 051047 046048 055055 049046 052054 049047 046051 050054 055053 049049 051053 055055 050055 055051 051051 053047 051047 054049 055051 049052 048054 047047 048053 052051 051051 052052 054050 052052 054048 049049 049050 054050 054046 055055 047048 048054 055052 048051 051055 051055 049052 053053 055047 047049 048048 050046 049049 051048 047047 053053 050046 046051 049048 054054 047046 054050 047054 047047 046049 050050 051047 055046 052046 049050 046055 048046 055055 053055 049052 050051 052054 051051
i305, 051052 047054 046049 053050 054054 049046 051053 051052 050047 046047 054053 055049 054049 049051 051051 046046 052046 051048 047055 054046 049049 053050 050050 050047 046055 052047 046047 052053 051047 049048 048048 047053 054053 053048 048048 054049 055055 053055 053047 052048 049050 050047 049049 050047 051051 053054 055050 047052 050050 054054 051050 049046 054054 052052 049048 053049 054054 050051 054050 047050 046053 049051 053051 049054 050052 052051 047051 053050 054051 053051 051049 053050 046047 046051 046053 051046 055049 046054 046053 051055 050047 047055 052052 052052 054051 050047 046053 050052 048055 048046 050052 049054 054054 053052 055048 048049 052047 051050 055047 048049
i718, 046053 049048 046046 054048 052047 054055 053051 052046 054054 055047 051046 048055 048046 049048 054050 055051 046051 047053 047054 050053 053053 055046 050046 050050 055048 055055 047046 053053 055050 053051 055051 046050 051048 047053 046051 051051 046046 050050 053053 055052 055050 047048 046048 050054 049053 052048 055054 052055 054053 053047 051053 048054 049048 046052 048046 052052 054054 055049 054054 054047 048054 054050 052052 049049 051052 046051 053052 055054 046054 047047 047047 052052 053050 054054 049049 048046 050049 048050 053052 051051 055055 047055 052054 051046 049052 047053 052053 051047 046046 046052 052052 049046 049046 053047 053055 046049 050054 048048 052053 051049
i225, 048053 050047 046046 053050 047047 054055 053050 052055 048054 055053 047053 047054 048048 054048 051051 053047 046049 050053 048055 055049 047049 050055 050048 050050 048048 047055 054047 052055 046046 054052 048051 046053 048050 052054 046048 054054 048046 051053 053053 048052 048053 054051 053049 046051 052048 046046 055050 047049 055050 049054 051052 049051 050048 052049 048054 046046 050054 049050 049054 053054 046048 050053 052053 051055 049052 048052 051048 054055 046049 053053 054055 049049 048048 046046 049050 054051 049052 046053 048048 051052 047055 054050 046050 051055 052055 048047 053053 047049 048049 047048 052055 053054 049047 052052 055055 049049 048046 052052 048050 053053
i753, 052051 052048 055046 052050 047047 046055 053051 046054 055055 046049 046053 055055 050046 054055 054051 047046 046049 052053 052046 052049 053049 049054 053048 053048 051055 046049 047046 053053 054046 052046 055051 046052 052048 048051 051051 054052 046048 053051 051053 050048 050050 052048 046046 051051 051052 049054 050050 052050 050055 054054 048054 055048 055051 050052 048046 052046 054054 051049 054050 048050 051054 046055 048055 054054 048052 052048 048048 049055 048048 053055 053051 055050 046046 046054 047049 055052 047047 053049 051053 046053 055048 047047 047052 055050 054050 053050 049049 051054 046054 046046 046052 052049 047054 052047 055046 049047 047046 051051 054052 054048
i684, 046052 055055 047049 053050 054053 052055 052046 055055 047055 047055 047050 047055 048046 055048 050051 053046 051051 052053 046048 046050 053049 054049 049049 048050 055046 052055 046046 053053 048046 048048 051051 046046 048051 046051 051046 054054 046047 050047 051047 055054 046050 052052 053053 051051 051048 049055 046054 053046 053053 054054 053051 055055 055051 046051 048054 052049 048048 050050 054047 054054 054054 047051 046047 054052 051046 052049 051055 047047 054049 047046 048052 055049 053053 051054 048053 046052 048049 047048 049048 050051 047047 054046 053054 054054 055047 055053 047054 048053 055051 051047 051046 047046 050049 046053 055052 050048 047047 054050 055052 048047
i782, 052052 046055 046055 054054 052047 047046 053046 055054 047053 050053 054047 054047 050049 051054 051051 055051 052053 053047 055048 052048 049053 054053 046048 047052 048052 049049 046046 048046 046048 048048 052051 050046 051048 051054 054048 054049 047055 051053 051055 052050 055046 052046 046049 051051 047046 052049 049050 052052 053053 051054 051049 054048 054049 050047 046049 047047 053046 047047 054047 047050 049049 054049 055049 050051 046046 052051 051054 047053 047046 050047 049053 053049 050055 046055 048048 050049 047047 049053 052048 054049 048049 054054 047054 050054 048047 050053 053049 048047 051046 047046 046051 049054 046050 048052 052052 048052 046048 052050 052053 051048
i663, 052048 048048 051047 049048 047054 048049 052052 046046 046046 046054 051047 055048 049050 048051 051054 051051 052046 053047 055052 054048 047047 049047 046048 047050 051048 046052 047046 046055 049053 055050 055049 047046 048054 054047 051051 054051 046047 053053 053051 052052 049050 054048 049053 046054 051046 055053 050053 049054 050050 047054 051053 055053 052051 048048 046054 052046 054048 050050 055050 048047 049046 049046 049053 054046 052047 050054 051051 055051 048053 051053 049049 052049 054055 053047 051052 049052 051047 053046 052048 046051 047050 054047 055050 050054 048050 047053 053047 048052 046046 054047 052048 054047 050046 046046 052047 053048 046054 051055 047054 047051
i59, 047054 055051 046046 048047 051053 053047 048053 054046 053053 055054 054053 051052 046054 053049 054054 046046 052046 053050 055048 048046 053047 047054 050052 048050 047047 047049 046046 053048 055053 053048 051049 046049 048054 054046 048052 049051 046047 053051 053051 050052 049049 052048 049051 051047 051054 054053 050055 047047 053053 054054 052049 048048 051048 047051 048048 054054 054053 051055 050054 047054 047054 055049 053047 046049 046046 055051 055052 051051 051049 053048 054048 052051 046047 051054 049053 048049 047047 047054 052046 055050 054055 054046 053055 052050 053047 053047 047052 050047 051046 046053 051052 049052 046049 051052 046046 052050 046046 051051 047049 052051
i346, 053052 048048 049046 046048 054052 055055 053048 047052 054054 054051 047053 055051 046050 047049 048051 054046 053053 047046 052048 048051 049046 047050 049048 051050 055051 055048 046046 047046 046046 048054 049051 048049 051053 053051 051050 048049 055051 054053 053051 054054 047052 052051 049051 051047 046052 052055 050053 049046 047053 054047 054048 054051 047048 046052 048048 055046 054054 049048 055055 054048 053053 051053 046053 050054 052052 053052 051054 053049 048046 052047 047047 049050 053051 051046 055046 049051 049055 050046 047047 050049 054055 050049 053050 048050 052051 051053 052048 050047 051054 051051 052051 049055 046046 047051 047046 052050 046049 055047 054054 054050
i707, 053046 055054 046046 050046 054054 049049 053052 046055 053049 054049 047055 055055 049055 048054 054051 053055 051049 047052 055053 049046 053049 046050 050050 048050 048051 051049 046046 046049 048053 046048 046048 051046 054052 047048 051048 054054 047046 053053 048051 050050 051050 052051 049046 051052 055046 051053 050055 049052 055050 052047 047054 055055 055048 050052 052052 050054 047051 050050 054054 052050 054047 054049 055055 050046 052050 052049 051055 054049 046046 048048 054054 052049 054051 048055 052052 054049 047047 048052 046048 051053 046050 047055 053052 052050 050051 047049 052053 050048 052046 054047 052048 054052 048046 052052 052052 051049 046054 050046 052053 048049
i341, 050052 048050 046046 048054 054047 054054 052050 054054 053052 055055 050053 049048 046049 047048 050054 054053 053051 052052 048046 048055 049049 047054 055048 051047 055055 046051 047046 052052 049052 046053 055048 046050 048052 053048 050054 049050 055046 047049 053055 055052 055050 054047 047051 054051 053051 049052 047055 047050 055051 047047 051055 048051 055050 048052 051053 052046 046050 050050 054053 052054 054046 049053 052051 050046 052046 047053 055051 055055 048048 047047 046047 053046 055053 046046 052049 049048 049052 050053 055048 054049 050050 050055 054053 052052 048051 048050 047055 047050 051046 055053 046046 050053 049052 053053 046055 050049 052054 050048 052052 048049
i538, 055054 049053 049053 050047 048052 049052 052048 055054 048054 054046 050053 055052 049046 048049 051047 051050 046049 054050 053053 048052 049049 053047 048050 047047 047055 048055 047046 052046 052051 051048 049048 053050 049054 047051 046048 054055 051055 055051 051053 048052 050052 054054 046049 052052 049051 053049 051055 047053 055047 054047 049051 049048 052051 052052 048054 052049 048051 046046 050050 047049 047053 055054 052053 046054 055046 050053 046047 054050 048046 047049 046049 055054 055053 046051 047049 054053 047049 048046 047052 046051 055046 055050 050046 050050 052049 049046 047052 055050 046055 046046 046052 055046 050054 046048 047046 049049 054047 050050 050050 051055
i184, 053053 055047 046055 046048 054054 049055 050053 046052 047048 054055 054047 049048 049048 049049 051054 053046 052051 055053 046055 046046 053053 055055 046048 047051 055051 055047 046046 048046 046051 053052 051048 046053 049052 053048 051051 051051 046051 049049 053055 048054 049049 047047 053048 051046 051051 046051 046050 048049 053047 047052 053053 055053 048052 054052 052054 055047 048054 050055 053050 051054 054048 055053 051048 054049 052048 051052 051049 055055 049048 047048 047054 049052 055055 050051 053052 051055 047047 046054 048048 051052 049055 050050 046047 052055 051051 050047 052053 051050 046048 052046 051050 054047 054053 053051 052054 050053 047047 051049 054049 048049
i688, 051046 055047 049051 050054 047047 054055 053053 055046 052046 054050 054054 055052 046050 047054 054051 047046 046049 051048 047048 048052 053049 046055 049047 050047 048052 052055 047046 048055 048046 050052 051053 053048 047049 050054 051048 049054 050046 051051 053054 052052 046049 048052 048051 048051 051049 055055 051055 050049 053055 054054 051048 055046 051054 052050 051048 054048 054054 046051 055046 052047 054054 046055 055046 054048 052052 051052 047053 054049 049049 048047 054047 054049 052053 053047 046049 055054 049047 049053 050048 049051 047050 055054 047052 054054 047053 051047 053052 050054 053051 050046 048051 046054 049054 047051 055047 050049 054053 049055 054049 048048
i552, 046052 047050 046047 046053 047047 049051 051048 054055 052048 054046 047053 047054 049046 051054 053050 053046 052046 052055 046055 054046 053053 053047 049052 046047 052051 052055 046050 054052 046046 048048 052051 046048 047051 053052 046051 054049 055051 053053 051051 052052 050049 052051 053050 052047 051051 049055 051048 050046 053053 052054 053048 051048 048051 052052 049046 047052 046046 047051 050054 048048 047046 055046 052052 049051 049052 051052 047051 047055 052053 051047 055048 049049 055051 053051 050047 046053 052052 053048 053047 049054 046046 054050 052051 050050 053048 050050 053047 050051 046046 047047 046051 049047 046054 053053 055046 047050 054050 046048 053047 054049
i404, 054048 050049 046046 052050 047053 055054 047052 054052 054054 055055 047047 055046 049049 051048 054051 053046 046046 055046 055052 055046 050053 050054 050048 052048 049055 049052 046055 053055 053051 055053 051051 051051 054054 047048 048051 054054 046052 053054 051053 054048 049055 052052 048048 050051 048046 049053 046046 055047 047053 047054 051048 051048 047047 052046 046046 047052 054046 051051 055054 050050 050054 046049 052050 054051 052046 048052 046051 055055 048046 053048 046047 054049 054050 053054 049053 052049 049047 053054 055046 054046 055055 050054 054051 052052 053047 048050 054052 051050 051053 047054 052051 052055 054046 051053 047046 050049 053047 055051 052054 051051
i790, 046046 046047 046046 048048 053051 046054 052051 046054 054052 055055 050052 046055 049055 048048 053054 051046 046047 052047 051046 048046 047047 047049 050048 050048 055051 049052 055047 051048 052052 046048 051048 051048 048048 054054 051053 048054 051050 047053 051053 052048 049050 055051 053049 055052 052051 053049 046051 052049 051055 054049 054054 053055 051051 052052 054051 049052 048053 046047 055050 054054 051054 049051 053055 048046 051052 052054 051048 049055 048049 049051 051047 052054 046046 048046 054049 052052 055049 053046 046053 052051 050047 048052 049054 052055 051048 047047 053046 050050 046051 046051 052052 052050 049052 049049 052049 053049 046047 052051 050054 054054
i403, 054054 055048 046053 054053 047054 054047 053053 055046 052054 046049 047047 051048 046049 051048 047047 046048 049052 053046 051046 052055 046049 053050 051051 050051 055055 051052 047047 048053 046049 055055 049049 046051 054051 053054 050051 048054 046055 053053 053055 052049 050049 055052 051049 054055 047051 053055 050051 052047 050053 047054 055052 051051 052052 052050 053051 047052 054051 050047 050050 050054 049047 046048 050054 054046 052051 052053 053046 051055 048051 048049 050047 049055 051055 053051 054048 051046 047054 053052 048054 052052 048055 050055 046052 054048 053051 050053 052053 047055 046046 046054 052046 055054 046046 052055 048055 051047 049047 046049 055052 047051
i582, 046052 050050 046051 046050 047047 049052 053052 054046 046049 049055 047054 054048 047054 053049 047047 046046 048051 047050 046046 048050 049046 054055 052050 050048 047047 049054 052046 047047 047050 046051 048053 051047 052048 047048 048051 054048 051049 055052 051053 050052 046050 052054 048053 054052 051051 046054 055047 050052 055054 050051 054051 048049 054054 049050 046054 049047 048046 047049 054051 048054 054053 055054 047055 046049 052052 052048 051053 047055 055046 049051 049051 046049 046053 053054 049050 052048 047049 047053 052052 052051 046048 052055 052053 055050 048053 047046 052052 046049 046046 049054 052050 054054 049047 051052 047052 050049 047047 050051 050051 051048
i267, 053046 050048 047046 052053 054051 049046 053046 053055 052050 055046 053047 052048 054050 047051 047054 046054 046052 054048 047048 047051 047049 054046 047050 050055 055048 046047 052053 051053 048054 052052 055051 053052 052052 048051 046051 049054 047051 052050 050051 050054 053047 052047 052053 047051 054054 046054 051050 047052 047055 047054 048052 051055 054050 046052 051047 050052 054051 050049 050054 048054 046048 054049 051051 046046 046052 047051 055051 053051 046046 048047 054047 049055 053051 055046 047047 046051 053047 053049 048050 052050 055048 055049 050054 054052 048051 050046 054049 050050 046046 047055 051051 054053 052054 052055 052052 051053 052049 047052 053051 054048
i310, 052052 054055 047046 054050 054046 054055 052050 046046 055046 046055 047047 051051 048046 049049 050047 053046 046051 054052 048052 046050 053049 055053 049049 047051 055047 052055 053047 055046 047049 055055 051048 049046 054054 048052 046051 048054 046046 053048 050053 055049 055050 046052 046051 051051 051052 051046 051046 050052 050053 050053 048051 046049 047048 046050 046048 049047 054051 050046 050050 050054 051054 051055 047054 046048 052052 052054 051051 051046 051051 050053 054055 055049 051046 055054 048051 049048 047049 053054 050050 049046 049052 048054 047046 052055 051055 053050 053054 049050 046046 046046 050052 054046 046053 051052 046052 050049 050046 052051 052047 051054
i722, 046046 047055 047046 054054 055047 054052 053053 054055 050054 046055 053047 047055 048051 047047 051051 053046 054050 052051 055055 052048 047053 048047 050054 047050 051055 048055 046054 047053 052049 053051 051049 046048 048052 047048 048055 050054 046046 053050 047053 055048 055049 052055 049049 051047 048047 053047 051051 052049 055051 054051 052052 053055 048051 050052 046054 047046 052049 051050 054054 047047 050051 054055 053047 050050 046049 052053 053052 053051 048053 048048 046047 049054 053055 046046 049054 054047 047047 046048 054049 055051 054055 048049 054050 051051 049052 051050 047047 055050 046049 051053 050052 054054 046054 046055 055052 051050 054049 051051 050049 055049
i69, 048053 050050 051046 048048 052049 052052 052050 054052 054046 054049 047054 055047 047054 048047 051051 055048 046046 054054 046054 053049 053052 053054 050054 050047 048048 046055 046046 051053 051048 052048 055047 053051 054051 051053 053051 054048 053047 053047 053050 052050 046047 046047 046048 051052 051046 054049 047046 047047 052053 047046 051054 055048 048051 052049 051048 052049 048047 049049 051054 047047 052050 050049 046053 048051 046051 052051 052051 051051 046049 048054 047054 053052 048048 050053 049047 051052 049055 050053 050049 051047 047055 055050 054054 052052 054047 050047 053053 054047 055051 050053 052050 052052 054054 052052 048055 053049 052051 049050 049052 048051
i180, 048052 048047 055046 053048 053054 054052 048047 052055 048051 054054 053047 051051 049046 051048 051051 051053 051051 051050 048047 047048 049053 047050 050050 052052 055052 055046 047047 052053 048049 053048 051055 048046 052051 052053 053048 054054 047049 053047 051050 052050 052055 054055 046046 050055 051051 054046 046046 049052 053053 054054 048052 055055 050051 048052 054054 052049 054048 047050 054054 047050 053046 054055 052051 046054 052052 048051 052048 051047 049054 048047 049054 055050 048051 046051 055052 053046 052049 053046 053055 049055 055047 050046 055053 052052 053048 047050 053053 050050 046051 051053 052046 049049 046054 051047 047047 050049 046047 048051 052047 051049
i423, 055051 049046 046046 052052 054047 049054 052051 054054 055047 050050 053053 055051 046048 054049 047051 053055 051052 050054 046051 050046 049050 053047 053050 047047 049048 047055 046047 046053 047054 054046 055049 048046 052054 053054 046053 051051 052046 053054 051048 055055 050055 048051 048046 051051 047046 055055 051051 050052 055053 054054 054048 054051 054054 049052 049049 049046 053050 050050 050054 054047 054053 050049 053054 049046 048050 053052 053047 051052 052048 050047 054047 052052 046050 053047 053052 051052 051047 048053 050050 054046 050047 055054 055052 052052 053049 053047 052048 051049 052055 049054 052052 047049 046046 053046 049046 050049 054050 055051 050050 054051
i163, 046052 048055 046055 049053 052054 049046 048048 052052 055054 048055 053053 055050 050051 051049 051054 048051 051052 048050 052046 055048 053053 050049 052048 050051 046052 048046 046046 053046 049053 048053 052055 053052 048054 046054 046050 050054 047051 053048 050051 051052 055055 051047 046050 051047 054054 049046 050049 052050 051050 054054 049049 052055 051052 052052 048051 052050 054052 046051 050054 053047 052054 051053 051055 049051 046046 049054 051051 055051 054046 055047 047051 050049 053047 047046 050049 049054 049047 053047 048048 052053 047051 050050 054052 048054 051047 047047 054052 051050 051054 050051 051051 050052 052046 052052 047046 050050 047055 051055 055054 047048
i642, 052053 055055 047049 050054 054050 054055 048048 054054 047047 055053 047046 055052 046049 049047 055047 052046 046049 055048 055055 050048 053047 055050 046050 048047 051048 054055 046053 049055 051050 053052 055051 046046 048049 054054 051046 054049 047047 054053 050053 052050 052046 052051 046049 055047 051049 049049 046055 047050 053047 050054 051053 048053 048050 052052 054051 052052 051054 051049 049050 048050 053050 051055 054055 046046 046048 052048 047055 049051 052049 050053 047055 052052 055048 054054 049049 049049 049049 053049 046048 055047 048052 054052 047054 050051 050050 050050 051047 048054 051051 053046 046052 049049 046054 048055 055046 049050 048047 054051 052049 051048
i473, 054053 048055 046049 050054 054053 051052 053050 052054 054053 054050 047054 054050 050054 048047 054051 047046 052052 050052 055046 055054 047053 055055 046050 051052 052051 051055 052046 052046 053052 048047 047051 050047 052048 047048 048051 054054 046047 054053 051053 052052 053050 051052 049046 049051 048046 046051 046050 049049 047050 050050 051052 049055 055054 052050 048051 052046 054050 049050 055050 054054 052050 051049 050055 048046 052051 054051 051051 049053 051049 047053 048047 052049 051053 053046 050049 049049 047047 053047 050048 049049 054055 054055 054055 052055 048053 048050 052053 051050 052051 051055 052055 049054 050054 055048 048046 050054 054054 051046 053052 048054
i499, 051047 050048 046046 053054 046052 054046 055048 046054 052054 054050 055054 047046 050046 047048 051047 055046 046046 053055 051046 054048 049046 046054 046048 048048 047049 052051 052052 053055 053046 047048 051051 049054 052052 054051 048050 048048 048046 051051 053051 050054 049049 046051 048048 046051 049054 054049 047046 050055 055050 054054 053048 049053 051051 050050 053051 047052 054051 053055 050051 054050 054054 055055 052055 054051 055050 052048 051051 054050 053049 053049 054047 049054 054055 046046 047047 049052 047052 048050 050055 046046 052055 054050 050050 051055 047050 050048 053053 054050 055046 046046 046052 054054 054054 048046 047052 050050 049050 051052 052053 051054
i153, 054052 047048 046046 050051 047047 049054 053048 052052 052054 053054 053054 055051 049053 048047 051051 046051 046046 052054 046048 048048 047053 047053 046046 047051 051048 051054 047046 053050 053049 048046 055055 051046 052054 049048 051051 054049 046055 054047 053053 050052 052050 051050 046049 050054 052051 053049 046046 052053 050051 050054 053053 048046 052052 046050 048046 052049 054051 050047 054051 054053 046050 050049 053049 054054 051052 053048 053051 051054 051046 054047 047054 046051 051053 046046 053049 046053 049047 046048 046046 054055 050055 052047 053052 051055 048047 048051 052052 050053 055047 051054 052052 054053 050046 052052 048054 051053 047054 052055 052052 048049
i617, 051051 055047 046046 054054 049047 046055 053051 055054 047053 049046 051054 048049 046054 049049 050054 052046 053051 050052 052046 048054 046054 053053 051050 052052 047052 049049 055047 053048 051053 052046 051048 050048 048053 054052 051050 054054 052047 053047 050051 052052 050048 047047 053052 051051 046051 055046 050050 049052 053046 054054 051049 055055 051051 046051 046049 048047 048050 052047 050055 047050 050053 050046 052053 050046 052046 048050 048051 047052 048049 050055 051054 049052 055051 046051 055049 051053 047055 053046 050046 046049 046054 054046 050052 049051 047050 054047 052053 051047 051055 053046 052048 049055 055053 053051 046046 050051 054050 046046 049048 048051
i307, 054051 050050 046046 054054 054048 046051 055052 055053 053047 048048 047047 047051 046046 049049 052051 050052 049051 052051 052052 050052 047049 053054 048050 048050 052048 052052 047047 053054 046050 048053 048051 051048 054049 046054 048051 053054 047051 054053 047051 052047 050046 052055 047046 055050 048054 055047 055051 049047 052053 047054 051048 052051 052047 050052 047048 047054 054048 050046 046054 047050 047054 051051 052051 046046 051046 049048 051051 055055 053049 047047 047047 049050 051050 050046 049047 046048 046047 053049 050050 055050 050054 050051 049052 054054 052047 051048 047047 051047 054050 053050 052046 053047 054054 053052 048047 047047 055052 050052 052050 051048
i487, 049048 050049 046046 046053 047054 051049 052051 050046 050048 055054 047053 055051 049047 048055 046054 049046 051046 048048 052051 054050 053047 050054 047048 052052 049048 046055 046049 048054 046051 048048 048055 049051 048054 055049 048051 055051 055046 051054 054050 052050 050050 051055 049047 051054 051051 049055 046055 047047 055051 047050 048051 048055 048054 051049 047048 047055 054048 055049 050050 054050 054054 055050 053046 046048 049047 054053 051053 050047 049048 055047 055047 054052 046046 053046 050049 053055 047047 049047 048050 055049 047050 054054 050054 048054 047053 051047 052047 053049 047046 046046 048051 049054 046049 052052 049052 050049 054054 051052 048054 051047
i540, 052046 047050 046055 054050 050049 054055 053048 046053 053053 054055 054047 050051 046049 049055 051050 055047 051052 048052 048046 048048 047047 054047 046050 051054 050052 051055 046046 053053 046046 052053 053048 049046 054053 054050 051048 054054 055051 051047 053053 052052 050055 052052 051050 050052 048051 053054 046047 052052 052055 051050 051048 049055 052054 052052 048051 052052 051046 055051 046050 054051 047048 049055 055055 054046 051055 050052 051054 051047 048049 051048 047055 052051 055054 046046 049050 049046 050047 046048 048051 047052 050050 050055 050055 052055 051048 048050 049052 047047 047051 048055 046050 049054 046054 047052 049046 052052 049047 050051 048051 051048
i759, 051046 050055 050046 050052 054052 051055 048051 052054 047052 055050 047053 052055 047050 048048 054047 046046 050046 046050 047046 046047 048053 054053 055053 047050 047048 046048 054046 052050 052046 046048 055051 046049 048052 046052 046051 054051 046047 047051 048053 055052 050052 052052 052052 051046 051048 055053 047051 047050 053055 054052 048051 053055 054055 046050 048046 052052 046054 047050 050054 046050 049050 052046 046048 054049 050047 053053 054055 051051 048047 048048 055054 052053 051053 053047 052053 047051 051052 053053 048054 049053 055055 054046 047053 050052 051051 050052 055054 055051 046047 052046 046051 053053 046046 046046 047053 053049 046054 055051 052053 048051
i705, 054046 048055 046047 053050 047051 050046 052048 054054 047052 055054 050050 055055 046054 047048 046054 054052 046051 052053 046046 048052 047047 055053 050053 050050 049048 049048 046046 053052 047047 048050 055055 051055 054048 047051 051053 050054 055051 050053 051053 054055 049046 055046 049051 051046 048049 049046 055050 049047 053047 050052 049055 051053 051047 046050 048051 049051 048048 050055 054053 047054 047054 055055 053052 046055 055055 048050 053047 055051 048048 047048 054054 046055 053049 050046 049049 049052 047047 053052 048047 055046 047055 054050 052052 051050 051052 053055 047047 050053 052054 055054 046052 049046 050046 052052 046052 047050 052054 048050 053047 051047
i203, 054046 048055 049046 053054 047047 049052 053050 049054 054048 046055 047047 047055 048053 047047 054054 046054 051046 053048 053046 055055 053053 053053 054052 048054 052048 048047 047046 053055 046046 050052 055051 046047 052052 053052 051048 054055 051046 053047 051053 052050 055055 052052 046047 047054 051052 049054 050046 047046 053047 054054 053051 046051 051052 052052 048048 049047 054046 047055 050050 054050 051053 050053 053052 048046 046053 052053 048048 051047 049052 047047 047047 051046 046055 046046 053049 055049 047055 053053 052054 052052 055050 054052 046051 051050 046052 050050 046052 049047 051051 047055 052054 054052 053046 046052 055052 050049 052047 051050 050049 051048
i618, 051051 053047 051046 054053 054054 051052 053048 055055 055054 051049 047053 048052 047046 048049 051051 046052 051052 052050 052052 051052 053047 053050 048050 047050 048055 052055 050046 047046 055048 052048 053055 046046 054048 051048 050052 054048 055053 053050 053053 052046 049052 052052 050053 051047 052052 055052 046049 049050 050051 051054 053054 055054 054051 052050 049048 046052 052047 050050 049055 047054 050053 055049 052055 054049 052046 050052 048054 047049 054048 050053 046047 053054 051055 051048 049049 046053 047047 050046 046046 052046 047055 054054 046047 051051 051055 048050 055055 055051 046046 053051 052046 049054 049054 052046 052046 047050 052050 050050 050052 054054
i120, 051051 046048 046049 049054 050054 055055 046051 052052 049053 055049 047051 055047 049046 048053 053054 052054 051051 050055 046051 050048 053049 046054 048049 052050 048055 052047 046054 052055 053046 048050 055051 051051 052052 047055 050051 054048 047046 051048 053053 050049 055055 048047 048051 052051 051051 055046 055047 048053 055051 051054 053053 048055 054054 052052 049051 052047 046053 047050 047054 050052 055053 055050 047048 054046 052052 054052 046053 053051 046049 053050 047047 053053 048055 046046 049052 054052 049049 053046 053050 052046 055055 055054 055049 050055 048051 048051 054046 050047 050046 054055 046046 048052 054046 049047 052055 050047 047048 052051 046051 051054
i745, 052052 047047 046046 053054 054053 051052 052048 049050 052053 050046 049053 052048 046049 047054 051050 049048 046051 048051 053055 052049 049053 054053 050050 048050 051052 052051 046047 053049 047046 048054 048051 047046 052048 048050 050051 050051 051047 049053 053054 050052 055046 046048 049054 047051 051053 049053 051055 047054 051053 050052 053048 048053 052051 048052 048054 052053 046054 050050 052054 054051 054050 055049 055051 049046 049052 052048 054051 051048 048046 053053 053047 054052 048048 046054 046052 055052 049048 048049 046048 046053 047055 048054 052046 050051 048054 055053 052053 050051 048054 046046 046050 049046 053053 049051 046046 049047 054046 051052 047048 051051
i238, 052052 052047 046046 053054 046054 055046 048051 055053 055050 050046 054050 047052 049049 054054 051054 047046 052053 050051 052055 046050 053048 046046 046050 050047 055047 047047 054049 049053 052051 048055 051051 052049 048049 054051 047048 048049 055055 051053 053053 054052 055055 047052 046048 050055 052053 052050 055049 047046 050047 053054 051051 051048 050050 052054 048049 047047 048053 050049 050054 048050 051054 055054 048051 046051 055046 051052 051046 048048 046046 049055 046047 047055 046047 046049 049050 046049 047047 046053 052046 052050 055052 050050 055055 054055 048051 053047 051055 052051 046051 054047 048046 050052 054049 051052 052055 050049 052049 054046 054046 048051
i614, 052048 055050 047046 050050 051047 054049 053047 046053 055047 051051 053047 055049 050047 051049 047051 046046 051054 054054 048055 055050 053053 054053 046046 047047 047047 055055 047046 052051 054048 046050 055051 054049 052048 055051 048046 048050 053055 053047 053046 054047 050050 052052 049050 047050 051048 049052 046049 049047 050051 051054 053054 051055 051052 048048 048046 052047 050050 050054 050050 054052 047047 047055 052051 052046 052051 048051 051052 046051 049053 049053 054047 049054 047050 046053 055047 048055 052049 053053 048050 046052 055055 050049 047055 055050 053048 050049 053052 051050 054046 050047 050052 049046 046046 052046 046055 049053 049050 046051 049053 048054
i249, 046052 047048 049046 046050 054054 051046 052051 051055 052053 055055 047054 047050 050047 054048 050052 046046 051053 053050 055053 048046 049049 053053 047050 046048 055048 049047 047053 048048 055049 053050 048055 051051 054051 054049 046051 054054 047052 052055 053053 052050 053055 046047 049046 052053 048051 055046 046055 050052 052053 054054 051048 050046 048051 051052 054049 052049 053054 046050 055046 048050 051053 047055 052046 054048 049049 051048 046051 055051 048050 047051 047055 055049 055047 048050 049055 047048 047047 053050 050048 046051 047046 046052 052052 052051 047052 054047 053052 050050 051051 046053 051052 049055 054049 047051 052046 050047 049054 051051 050054 047048
i67, 048051 048050 052046 049047 053048 055047 055052 054052 054050 049055 047047 046055 046048 051048 051053 047048 053049 054051 046047 050048 049053 049047 050046 050050 053052 049048 052046 047053 048048 048048 051052 051047 054052 046049 046051 049049 051055 050053 053053 054055 050052 052048 048046 054051 051052 054046 051050 055049 053047 055050 051050 049048 051048 046049 051048 046047 054047 049054 050049 054048 048054 053050 047046 048054 046049 046047 052046 054050 053055 051048 049047 052049 055054 046048 052047 046049 049047 049053 048050 046046 055055 054054 052055 054055 047048 053054 047053 048049 052054 046053 051046 049049 054054 052052 052046 051050 047054 046046 053053 051055
i328, 054046 047048 046046 047054 047053 054054 048052 046046 050049 054048 050053 055050 048054 047047 051051 052052 049050 050050 055052 046052 047049 047047 050054 051046 049051 055051 046054 049049 046046 048048 048051 048046 054054 051049 046048 054054 046048 054053 053053 053050 052055 055050 046049 047047 046046 049055 050055 051054 055053 050054 050051 053055 054051 052055 046046 049047 048048 047047 049046 050054 049054 049055 054052 048051 052049 052052 051053 051048 054048 047047 047053 052055 053055 046053 047051 046046 046046 048055 049048 049046 054050 055055 046050 048051 052048 051047 047054 050054 051051 047055 052051 046049 046054 047051 055047 049050 049054 051051 049054 051049
i751, 053054 053055 052055 053046 054054 055049 052053 052055 054055 046054 053047 055052 048049 051051 054054 051048 053049 053048 048046 052050 053048 047055 050051 050050 051051 047049 047054 046053 047046 048055 051048 050053 051052 054051 046048 051051 047048 049051 050050 052052 055050 055052 053051 051051 051046 049052 050050 052055 051055 054054 054052 052054 052052 047050 048048 052054 054054 047047 054051 054047 054050 054055 047051 051048 052052 054050 054051 055047 048051 048053 047051 052055 051048 046048 047053 050052 049049 053046 048048 050054 050055 054050 046052 055055 048055 047047 053054 050050 046046 053046 050046 047053 054046 052052 052052 051047 048047 055054 053052 047051
i363, 052046 048052 046046 046054 054047 049054 048053 054054 052055 050055 051053 047055 049049 049054 054054 046046 046052 046051 054053 051048 053046 055047 050051 050051 051055 055054 046046 047048 051053 046046 055055 047048 052048 049053 050051 054049 047051 051051 053053 054052 052049 052047 049049 051049 048055 053046 051046 049047 053053 052050 051054 051053 048048 052047 052047 052052 048054 050054 052046 052050 050050 046053 052047 051054 046046 046052 051054 051051 046046 047053 055046 052052 049053 047054 049053 055050 052052 053053 048048 052046 055055 054054 050052 050051 053050 053047 053047 051047 046048 046046 046046 049054 046049 052053 055049 050049 047047 051052 051050 048053
i116, 046048 049050 047046 050054 050053 054047 050048 054055 046054 046055 053047 047051 049049 051051 053052 051050 048046 048046 046046 052051 046052 046046 050050 050046 055055 054052 047046 049053 050046 051048 055055 048049 054052 053050 048046 054051 046055 051054 053054 050048 055050 051052 052046 051053 054047 048046 050055 053049 050051 054052 051051 055046 048051 048052 051047 055052 054050 050049 054054 054054 054046 051053 047050 051050 052052 051047 051051 051048 051054 055047 055054 052049 051051 046046 051049 049049 047047 053049 050049 046052 054055 054049 049051 052054 054052 053048 052053 049048 051052 046054 050052 049050 049054 052052 046046 053051 054054 049054 054052 050051
i187, 053048 047048 046046 054048 047053 049055 052055 050054 052046 053054 053050 055046 046046 048047 054054 046051 052046 050047 053048 048046 052052 046054 049053 048050 049052 055051 046047 052055 049052 053048 051049 048046 051048 050050 046051 054054 053046 048053 051053 052055 049052 054051 049049 052051 051048 054049 051049 046052 050053 047050 049051 053055 051048 048047 051046 054051 050052 051050 054050 054047 050051 049046 051053 050046 052047 052050 053051 051054 051054 053047 054046 052052 055048 053053 049049 049046 051049 048054 050047 051052 047055 054054 052050 051055 048048 054047 053053 055053 048046 051053 051052 049049 046046 052052 052046 053050 048047 051050 055052 054048
i252, 052053 053047 046046 050053 054054 055052 050051 046054 053054 053054 047054 055048 048054 055047 051047 051055 046049 049046 047050 050048 049053 050046 050050 050051 052047 052047 047047 046052 052047 048046 048048 053046 048048 051051 046051 050054 055046 054049 050053 055052 046055 054052 046053 052051 047052 055049 046051 052053 050050 055054 054052 046053 052048 052050 049051 052054 054048 055049 054050 054047 054054 055050 053053 054050 055046 051052 051053 055054 053055 053048 049054 054051 051046 046046 049049 051052 046047 053047 048053 051052 054047 054055 050052 050054 055048 051046 047053 052055 051054 046055 046051 054054 055046 053050 055047 050054 050047 054046 052052 051048
i98, 054054 048055 050046 050050 054054 049055 053046 046046 046054 049055 054047 052051 049046 048047 054054 051049 055052 050054 055046 051048 053053 053047 050053 052048 052046 053047 046047 055053 051053 048050 053055 051052 048052 053049 048048 048051 047055 053047 051053 052050 050046 055055 049048 055051 047047 051049 049055 054053 053050 050050 051055 051051 054054 048052 048047 052047 048046 047054 047054 047052 051054 050046 050047 046046 051046 052052 051046 051049 049049 048047 046047 052055 055053 052050 052049 049046 047047 053053 049053 049051 047054 054050 052055 052055 051051 048051 053047 051048 051051 054047 051048 048054 053048 048052 054048 049047 047049 050048 047050 054049
i509, 046046 048054 047046 050050 048054 054049 050046 055051 054052 055054 047051 047055 049046 054054 054051 049047 054046 050048 051048 048051 053053 046054 048046 047050 048051 049055 047046 048046 049055 048050 053048 051054 054054 051053 051048 054052 053053 054051 051053 048053 052055 051052 053046 051051 047054 049053 047047 052049 055055 050054 054050 046046 051051 051050 053051 046046 054054 050050 050050 047050 046047 054054 052053 046051 052052 049052 046053 047055 052051 047047 047047 052052 051051 054046 046053 049049 048047 053046 052055 049049 050047 054052 052046 055052 048051 047047 052047 047050 054054 053053 051046 053050 051046 052055 052049 051049 047054 055051 049049 048053
i580, 046050 049052 046046 050050 052054 047052 048048 055054 052052 055048 047047 052048 050046 050054 055051 051046 053048 050050 048055 048048 048052 054053 048046 047048 049048 047051 046046 052046 046055 048053 051053 046048 051048 055050 053048 049051 047055 053049 051047 054053 052055 049051 053046 051051 046051 054055 050055 049049 053050 054054 054054 048054 049054 052052 046048 052049 046051 049055 054050 051054 048047 051051 053046 046054 052052 051051 047048 051055 052051 047055 047049 054046 051053 046046 055049 046053 047047 048048 048053 046052 047055 050046 055052 051050 047051 047049 054047 047047 046046 050046 054051 050046 051052 053053 048054 049050 047047 051051 051052 055049
i166, 051048 055048 049046 047051 054054 051047 053050 054054 054050 055054 050054 051050 050054 047054 054047 046055 049053 051046 048055 048048 053047 047054 048046 050050 049048 049048 046047 046051 053053 046046 055051 046053 054047 049048 051046 049054 053055 049053 055053 052046 049055 047047 051049 051052 047049 046047 050051 052046 055050 054051 051055 051051 048052 047052 048054 046051 050051 053055 050050 050054 047049 055055 053055 051046 046046 052048 051055 048049 051048 047047 051047 052051 055051 050053 054048 048053 047047 050053 048048 049052 054050 052055 047052 052050 049051 054051 047047 050050 046046 047046 053048 053052 052046 051052 055052 050054 049046 051055 049049 051051
i379, 051052 047050 046046 046048 051053 046055 048047 052055 055047 049049 047050 050047 048049 047052 051051 046052 052048 050052 048048 048048 047048 049047 046050 047050 051055 055050 053046 053055 046047 050050 055055 048051 054052 046054 046048 054054 046047 049053 053055 054052 050049 052048 048046 051050 051055 052047 055055 048046 050050 047054 055048 051049 047054 053051 048051 052048 047048 051049 050054 047054 050050 049049 053053 046055 050049 054052 053047 050053 053049 047048 047047 049054 055051 051046 053054 053055 049049 047048 051047 051055 047055 049046 052054 054055 054051 051049 053047 051047 046051 046051 052051 052049 046054 049052 048055 049052 052049 051051 050048 047051
i541, 051054 047055 049050 054054 051051 049051 048055 054054 053050 046054 047051 047051 046049 049049 050050 053051 051052 053054 048048 049054 047047 054047 050053 051052 052047 046047 046047 053055 055046 048046 048055 051046 051054 047051 051053 051054 053047 050049 050053 052052 055055 054052 053049 052047 051051 054049 049050 049046 047055 053054 048051 055055 055054 052052 051051 051047 046051 053051 055050 047054 051049 046051 050052 049055 051050 050052 053055 055055 048053 050047 055055 046049 051051 049047 051049 048055 047047 046048 048048 049046 054055 050055 052053 050051 047055 054053 049049 053050 050051 046051 052051 054050 047049 055053 046052 049049 055054 050053 047053 051051
i95, 048052 054047 053046 054054 046047 054053 048053 052054 052046 054054 054054 048055 055050 049047 055054 053049 049046 046050 046046 054055 053046 046054 050052 051050 052052 049055 046046 046052 053048 048055 051055 046046 054048 053052 051050 048054 048047 054048 051053 052051 050055 052052 053051 055051 048051 054055 049046 049047 050050 054050 049054 051048 052048 052051 054051 049052 054046 049050 054049 050048 054048 049055 055050 050049 049046 052052 055047 055048 055048 047047 048047 046055 048055 054046 050050 052049 049055 047047 050049 049046 055055 054055 047046 052050 053050 047053 054052 047051 046046 053051 046048 049049 046049 053049 055049 047049 054047 051050 048048 047049
i778, 047052 048048 046046 046051 047050 049049 053052 054052 054055 049050 047054 055055 051049 049049 051047 046046 046049 047054 054054 049046 049047 053055 050050 052046 051051 055055 046046 052053 048047 052047 055048 046053 054053 055051 051051 048054 048047 047053 054053 046051 049055 047048 046046 052055 055052 055047 050050 047054 050053 054052 048051 055049 049047 053047 048051 047052 050053 046046 048050 050050 053047 053052 052053 049051 052047 051053 054055 051047 048048 051051 055047 049049 053052 046051 052049 053054 052047 053046 048048 049046 048050 055050 053046 052046 048052 050053 052051 050054 054046 047046 052051 047046 053049 052055 052052 050047 049054 048054 052053 051051
i418, 051047 055048 046046 048054 051046 055051 048051 054052 047047 054052 053053 047051 046050 048055 051051 050046 046049 054054 046055 048055 053053 050055 049050 048047 047055 048055 046046 053049 051047 055049 049046 052051 049054 049051 051051 048050 051051 049053 051051 052050 055048 052052 048048 055052 052052 049054 050050 050052 051050 054054 054053 051055 054051 050052 047051 048052 050052 047054 050047 050052 048046 050050 055048 050054 051047 048052 051051 049047 052046 050055 048054 049055 052049 051046 053055 052046 047051 048053 046048 049049 052055 055047 054052 052050 048047 047047 049047 050053 046046 053046 046046 054049 050049 052052 052046 047054 046047 055050 050052 051054
i758, 049048 048047 046046 049055 052047 054052 052051 052053 055054 055054 047053 055048 054049 049047 051048 046046 046054 054047 050047 046054 047052 047054 053047 047052 055055 048055 046053 048053 048047 048048 055055 051047 052048 046046 051048 054052 055046 047048 055053 055052 051055 052052 046053 048050 049051 052049 049051 047048 053047 047047 053051 049055 054051 053046 054055 049052 046052 049049 050048 054052 054049 046049 053052 051050 049052 052049 052051 050052 049049 049048 055054 054055 052047 046049 050046 049053 047049 050048 054049 051051 055047 054054 046050 048052 053048 047047 052053 050048 055055 046047 054052 054049 047049 052053 046047 049047 054052 048046 052050 051048
i111, 054046 050050 046046 048047 047053 055049 050053 051054 054047 054055 047047 055051 050054 051051 047048 046046 046049 047048 046055 048050 048046 053053 048052 052048 055052 055054 047053 048053 051046 048048 055048 054046 048051 046049 052048 049051 055047 049054 055051 052050 049048 046054 046049 047052 051051 054055 055051 054049 050053 054047 054053 055053 051055 052050 046051 047052 054054 055047 049050 047048 049050 050055 052055 046051 050046 054046 053051 053051 048046 047048 047054 052052 051049 047050 049054 050051 047051 046050 050055 053049 055055 054047 055051 050054 054050 047050 053046 047050 046046 047053 051051 050049 054046 052051 052046 054050 054052 051051 048053 048048
i317, 053046 047048 049046 053054 051047 049049 048051 054047 052054 047055 047053 052055 047046 054054 055053 048046 046049 050052 050047 046050 047047 048055 050050 051048 055047 051055 049046 053053 053046 054048 055053 051049 051054 054051 046048 054049 048046 052047 053053 054048 046051 053051 046049 053054 047051 055050 055050 052050 053055 047047 049054 055053 054047 050049 048047 046055 054053 051050 054054 054048 054054 055053 048048 053055 055052 052052 048052 054054 053052 047047 047047 055052 053053 046047 054050 047050 049055 046054 050049 052052 055054 046050 055055 050055 048047 053047 053052 053047 051046 051046 051046 053049 054049 051053 046055 049048 047051 050048 055049 047049
i627, 052052 052055 046055 049054 047047 055049 048051 052046 054054 055047 050053 047051 049049 047048 051050 047051 049055 046051 051055 054050 053053 050050 046055 050054 052052 047048 047047 048053 049054 047055 055055 051048 054051 049048 048048 054054 053046 051047 051051 048049 055046 051048 049048 050051 051046 049053 046050 047047 053053 048054 049051 053046 049048 052052 048051 046046 046052 046055 050054 052048 046054 055055 053055 046049 051052 048052 051052 047051 046049 053047 047046 051053 055054 053055 048053 055054 047049 047046 048050 053051 050050 050050 055053 050050 052053 046054 053053 050050 055046 046046 046054 050054 054054 047053 047055 048050 055054 051051 049052 054048
i139, 048048 049049 049046 050053 054052 051047 048051 055052 047053 046055 046050 055047 046046 049046 047054 048047 055052 047050 048048 048051 052053 048050 050046 051047 052049 046049 046053 047051 047052 048048 051051 051047 052052 054051 046051 053051 047047 053053 053050 054050 050055 051051 046049 051055 046051 046052 047054 047050 051053 051052 052048 055054 049055 052047 046048 052049 048046 049050 053050 051055 054046 051055 048050 055054 055050 052052 052051 053055 053046 047047 048047 055055 055047 049050 049049 053049 047049 048053 048049 049051 055055 054049 046046 051052 054047 050047 055053 050051 052055 046053 052051 049049 054046 055052 046052 050051 050054 051050 051053 049054
i511, 054051 050055 047054 052046 047052 052055 053053 047055 055051 050050 053051 054048 054047 048049 047054 046052 055054 048052 047052 046047 051049 047046 047048 047050 048052 051049 047046 055053 051048 048046 050055 046046 048048 046053 051054 051052 048055 047053 055051 052048 052050 049052 046049 046055 046054 051046 055049 052052 053050 052047 054048 051053 048047 052049 046051 051049 046054 047050 054054 054050 054052 050046 052055 048046 046049 052050 052052 051055 048054 048050 047047 050047 046046 051046 052049 047046 055047 050049 048052 049055 055050 049050 054052 050050 054047 051054 053055 050047 046046 051053 048046 055048 049049 052052 048047 050053 049052 050046 050054 054051
i525, 051053 047055 046051 054046 054052 049055 048048 052051 055047 050055 053047 051047 047054 047048 054054 046046 046052 055048 052046 046049 053046 055047 050050 052050 050052 047052 047046 048049 047053 046046 051051 047051 054052 054054 048046 051051 048047 051052 053050 052055 055046 055052 046049 051047 047048 046051 055047 046047 055053 054047 053048 046051 048048 047052 046048 055049 046046 055051 050054 052054 049046 054054 050046 048049 052052 052050 051046 051051 046052 051051 055047 046052 046051 050054 052049 050053 055047 047053 048054 049052 050055 055054 053053 050054 051051 050050 047052 050054 051046 050051 052046 049053 046049 046053 052049 049052 047048 050052 055047 050051
i428, 054051 050050 046046 053050 047046 049054 053052 055050 053046 046046 047047 052055 046054 049048 051051 053049 053052 048048 047048 048052 052055 048050 055046 047046 055047 049053 046047 049051 051046 053048 047051 052052 048054 049049 051050 054049 048047 049053 053055 050054 049050 054052 049054 052051 047049 049053 050050 054049 050053 050054 052052 053053 052048 048050 054047 052047 050048 049050 050054 053052 049054 054049 048053 054048 052052 052051 046051 051051 048046 047048 049047 053049 055048 046054 049049 052046 047052 055053 051048 052052 046047 054055 055053 051054 050048 050047 053053 047047 054046 053046 046050 049054 046052 053046 046046 050049 048046 052051 052052 048048
i523, 052046 047050 046046 050050 053051 046054 048051 046052 052053 054046 047051 046055 046049 054051 047047 053047 046053 052052 055047 055049 053049 054055 054050 050050 055052 047047 047046 050048 051049 052048 048048 048048 052048 054046 048048 048050 051051 053054 051053 050052 046052 051055 050048 051051 049049 053052 050055 049049 049051 054054 053053 055051 051054 052049 046046 047052 051046 049050 050052 048050 054051 054049 053053 051050 053052 052048 053055 054054 048053 048048 047047 047054 054055 050046 051046 055046 047049 055053 049050 052051 055055 055055 053050 050055 048051 051050 053053 054051 046046 054053 050047 050049 054054 046051 046046 049048 054047 050055 053047 051047
i395, 052046 049052 047046 050053 047050 050055 053051 054055 054047 049052 051047 051047 046050 049049 047047 052046 053051 048047 048055 046048 047053 046047 048048 054047 052048 052055 046046 052046 051053 055048 048055 046047 054052 049046 051053 054054 055051 053048 055053 052046 052052 054051 049049 047051 051051 054053 046055 046050 054053 050054 051048 054046 050048 052051 048046 052047 046050 047055 055049 050050 050054 050050 051053 051054 051052 050048 051051 055052 051048 055048 047047 052049 053046 051046 050052 049055 055051 049047 047049 049046 055050 050047 053055 054054 047048 046047 052047 048048 046046 048054 050046 047049 047049 046055 046046 050050 049050 050046 052047 048048
i80, 053046 047047 046046 053050 047050 054049 053053 053052 047055 049055 053047 055048 046046 048049 051047 055046 046053 055047 055046 051055 049049 050055 053050 047055 048052 048050 049053 049053 051054 046048 055051 052050 051049 047054 051051 051050 047048 054050 050054 052048 050050 055047 053048 055047 051054 050046 046047 047049 050053 054054 054054 051048 051048 052052 051051 051047 052048 050050 050055 053052 048046 054051 054052 051051 052048 053054 051052 050049 048049 053050 051047 054052 053048 046052 048052 054049 052052 048053 046053 052046 048055 046054 050050 050050 050050 053047 051055 050053 050046 051051 052051 049054 046046 046052 049055 048049 048054 051050 054048 051047
i628, 054048 055055 046049 053052 054054 046055 053046 054046 053054 054055 047050 054046 049049 051049 054052 047050 049046 048050 054048 046055 047049 047054 046055 047048 051053 051046 047047 049055 049054 055052 048049 048053 052052 047054 051052 050054 047051 053049 053053 050052 055055 052051 050049 052047 054047 049046 055051 050047 051050 052055 052054 053051 052047 052046 048051 049052 053054 050050 050054 048054 054048 055055 047053 054054 046047 051052 051047 053053 048049 055053 046047 054049 054054 050046 049049 048053 047047 053046 046048 055052 055055 047050 047052 050053 053048 054051 049054 053051 046048 047046 051052 049054 046050 053051 052052 050050 047047 050051 054050 054049
i226, 054054 047049 055046 053054 052047 047049 053051 052046 053053 048053 054054 048055 046050 049051 054054 055046 051052 052048 048050 048048 053047 046047 046050 052050 055055 047055 046047 055047 053046 046048 049051 046047 054051 048055 051053 055054 049051 053053 053054 054052 055046 052055 048053 047055 049052 053053 051046 055046 051050 052054 051051 046055 052051 052051 048046 049052 046051 050048 049050 048050 053046 054050 051052 052051 052049 052048 051047 051055 048048 047053 053055 049053 051051 050051 049049 047048 054047 046048 046053 051046 055050 054052 054053 052054 051048 046053 054049 049050 046051 051046 046051 054049 046054 051052 047052 050049 052046 051048 055050 051051
i21, 046046 047055 049047 054050 054047 051046 055051 055054 054054 046049 048047 052051 049046 047049 047054 046046 046049 052047 046051 054046 052053 049047 049053 051050 051055 055052 046047 052048 046049 051047 051048 046047 048048 047049 046051 051048 055051 047055 051051 052049 052049 052051 048046 052047 051051 054048 049046 052053 053051 054050 054053 051048 051051 046052 054051 055053 052046 051051 054048 054047 048047 054051 053050 049046 052055 054053 051051 051053 051055 049053 049049 049055 048051 046046 051049 049047 051047 047047 046049 052051 048050 052050 049052 055051 047048 050047 046047 050050 054051 054051 046051 049054 053046 051055 052048 049049 054047 048050 049052 051051
i440, 046049 047046 046049 047053 051047 055054 053048 047046 046052 048048 047047 047048 046049 050049 051047 046049 051052 054050 048055 047052 047049 055053 048052 050055 055052 048055 046053 053052 052051 053046 055052 048051 048048 053051 053051 051054 048047 053053 053051 051052 050046 050052 052055 047054 054052 053055 055046 052046 053053 052054 054053 048048 051048 050054 048048 054049 054054 046049 050054 054054 053054 054055 047049 046049 051052 052052 052051 055048 049046 047047 049047 055049 046047 051055 051047 050051 049049 050055 054048 046052 055055 055050 049052 050050 048049 047050 049047 047050 046046 053054 051052 049049 054049 052052 046052 050053 047049 055050 050053 048048
i160, 050049 055049 046049 054046 053051 049051 052051 054046 055052 049055 051050 055051 054051 053049 051046 054053 052051 048050 055055 055046 049053 054053 049048 048047 048055 046055 046047 053053 046048 047046 055051 051050 052049 047046 048053 054054 050047 047049 053055 048047 050050 055052 046049 052047 049049 054046 055046 047053 050053 052050 048051 054051 047055 051050 051048 052047 050053 046050 054053 049050 051051 055055 053051 054055 046052 049049 053051 051051 049046 048051 047046 046052 053053 046053 047053 046054 047047 049053 053054 051051 055049 054054 052053 055051 046050 047053 055055 050050 046051 051053 052048 054053 047049 052046 052049 050050 049052 047048 049054 054054
i640, 052052 055048 047049 053051 052052 054049 051048 052054 048055 054049 047053 055055 053054 047054 051051 054053 049051 051051 053052 052052 052049 049047 048051 051050 046055 052047 046046 052048 055052 048055 054048 046050 051048 053049 051046 048055 050048 055050 053053 052052 049050 051048 053046 051051 051055 049053 046050 052049 054050 054054 049052 055049 055051 052051 054054 052046 048049 049047 050051 054047 051050 046050 054055 046051 046052 052051 051051 047054 049049 047047 054051 054049 051046 046054 053049 053054 052051 053047 048050 052053 055050 046055 053052 051054 053053 047050 053049 048051 051046 047053 052052 046046 046050 051046 052054 052050 046054 054054 047049 051051
i740, 046054 047047 046052 054047 054054 055054 052053 046054 052052 055047 051054 047055 049046 055051 050054 048046 046053 047051 051054 050048 053046 050046 055048 047050 048051 055049 049046 048055 048053 048050 048048 049050 052051 054046 048048 048051 047046 049054 053055 052050 055052 055052 046053 052052 051053 047049 046046 047047 046053 047054 050048 055048 047051 047050 048051 051049 054054 050049 050054 054054 049053 055054 055055 046051 048046 051049 051053 047055 048053 053047 047047 054053 053054 046046 047051 049052 052051 053047 048046 049049 055047 052054 052046 048055 053054 051050 053053 050051 054051 050046 052046 046049 046049 055052 052047 047053 049054 052052 049048 051050
i431, 046055 048050 046049 046050 052049 052055 051051 055055 054050 055054 047047 051055 048046 054051 054052 047052 046052 048047 048046 052047 053049 050047 051052 047050 048047 050053 055047 051049 046046 055049 048055 053046 054048 048054 050051 054048 051046 050054 054047 048055 055050 047051 046049 052055 054051 047055 051049 055052 055053 054054 053054 054051 054054 052048 049046 054055 048050 051053 050055 047050 054053 050054 055051 054048 049052 053052 046048 051051 048047 050047 047054 046054 055046 046051 049054 049052 049049 053053 048053 054049 046055 047050 047054 052052 050047 051050 052054 050048 046046 051053 052052 049054 046046 049048 052052 051052 054046 050051 050055 054055
i141, 049046 047050 046051 053053 051053 054051 048053 046055 054055 046054 050053 052049 054050 051048 047048 051047 051052 050054 052046 048051 047047 047049 050048 049050 051048 048049 047046 055055 053053 046048 051055 055051 052048 048051 051048 051054 047046 047052 055055 051050 050049 051055 048053 050051 054049 049049 046053 049052 051050 054047 051053 048049 055052 052052 046046 046047 053053 049046 049054 052053 054048 048054 050048 054046 052052 053051 047051 046055 049046 054049 048055 054052 048051 051046 049049 049051 047047 053053 048052 052051 055050 052054 050046 050055 051051 053050 052054 049047 051046 046054 054052 051047 052047 052046 052046 053051 046054 050050 051047 055047
i457, 046050 048048 046049 054053 053050 052054 052053 049053 054046 054055 047054 051051 047048 049051 047054 046053 051049 054055 052055 048048 047049 053051 048046 051047 052052 055046 046046 053046 047048 048048 048051 050046 052052 053051 053050 054047 046047 047049 055055 050055 055055 048054 051046 052051 047046 055053 055050 052053 053053 054051 051054 054051 051051 052051 046048 049052 054054 050046 055050 050050 053049 051049 050053 046048 046050 053049 052055 054051 049048 047047 049054 055051 055055 046053 049049 049053 047047 047048 048046 050046 047050 053046 052051 054050 053048 047049 051053 048047 051050 050047 052052 049049 046049 047052 052049 050049 054054 055050 052055 051048
i108, 051053 048055 046048 053053 050054 055049 051052 055054 054052 049047 053047 055055 054047 049050 054051 047046 053046 047047 046055 048047 047053 050053 049050 050050 055052 052047 049047 049053 053048 048052 053048 050051 049054 052049 046046 048051 046049 047047 051050 052052 049052 047047 046048 052052 047051 054051 055046 046047 052050 050051 051051 055051 054052 047049 048048 046052 048052 050046 054054 048049 054053 055050 049052 050048 049052 048048 053046 047052 051046 051053 055047 053055 051048 046046 052048 049048 047047 046047 048048 051052 055055 054049 052049 054054 051048 047050 053053 050050 050055 050052 051052 049049 046054 052052 046046 050049 052047 048051 046054 047051
i553, 048051 049047 049046 050046 053054 049055 050046 046046 055055 050047 053050 051047 049049 047048 051051 049054 051051 048052 051055 051055 053047 046055 048050 054052 052048 055048 053049 053053 052054 048050 052052 046051 054054 046049 048048 049048 047047 055048 053053 050052 055050 052055 046049 051050 053051 049055 055055 049049 051053 054046 051054 046054 052048 052049 054049 046046 054053 047049 054050 048052 046047 049054 050048 052054 046046 052051 051051 055047 054052 048048 047049 051046 051051 053048 052049 055055 047046 055050 052048 051046 050054 054046 054047 052051 047047 053047 052046 047050 054051 055055 052054 049049 052046 052052 046052 053049 046052 051051 047050 054048
i699, 051053 048047 046051 051052 048053 046055 053048 050046 053053 046046 054053 046049 047046 047047 054050 046049 046049 051048 050052 049052 052049 050055 050053 052047 051052 048052 049046 047053 048051 048048 055048 052046 054052 051047 046050 054054 051048 051047 053054 047048 046052 052050 051051 052054 049052 052049 050055 052050 050047 054050 054054 049051 052052 052049 051046 049046 053052 050047 052055 052053 051048 053049 052051 048049 052046 051052 054051 055048 047049 047048 051054 049047 052051 046046 047049 047048 047047 053053 048050 052049 047050 049054 055055 046050 047050 054051 053053 048055 046046 053053 051052 054050 046054 051052 047046 051049 054047 052054 046052 051049
i577, 049051 050048 046046 053046 053050 052049 051052 054055 054055 046055 051050 055048 049050 049047 054051 047046 055049 052053 046055 050050 047053 053046 048048 050047 048048 047055 046047 053052 053051 048053 048047 049047 054054 048051 051046 050048 049051 047054 050053 052055 050050 052055 046046 054053 051048 052046 050055 054053 050050 052054 048054 055048 052047 050052 046054 047047 047054 050047 050052 054054 051054 049054 046048 049052 052055 053049 051051 047048 051046 048055 046047 055049 051053 048053 052054 049049 046054 048049 048053 051049 051050 050054 047050 048050 048048 050047 047052 047048 046051 046055 046050 052050 046054 055053 055052 048050 050054 050048 050046 048054
