point 1
gen 0
lala land
l29
l77
l99
l54
l42
l62
l47
l97
l33
l70
l18
l48
l87
l67
l56
l59
l6
l91
l52
l65
l79
l13
l74
l1
l86
l85
l20
l36
l43
l8
l31
l82
l17
l2
l95
l50
l69
l84
l68
l0
l55
l71
l53
l51
l80
l44
l3
l45
l4
l81
l37
l9
l92
l24
l16
l25
l11
l38
l88
l93
l57
l98
l12
l32
l49
l15
l30
l7
l90
l35
l28
l19
l75
l21
l26
l5
l10
l46
l78
l61
l76
l27
l64
l72
l41
l60
l83
l40
l63
l89
l22
l73
l58
l66
l14
l96
l34
l39
l94
l23
Pop
i514, 047050 046048 050049 047047 051053 050053 055048 050048 053054 048048 051047 052046 053054 055054 051053 052046 055052 048049 054054 055054 054051 046053 052052 049047 047048 054048 051053 050046 048055 050055 048048 048048 048047 055050 052055 054054 047046 047055 051054 053053 054049 049048 053052 052046 047052 046046 053053 051051 049049 051051 054046 049049 055054 047053 052052 048046 047053 047052 050052 049055 055052 048048 054054 047048 053048 051054 051054 054051 051048 046051 053047 047052 055046 048052 049046 049049 048054 049054 049052 049046 054049 053047 055052 049053 054050 047047 049050 049046 054048 050054 054049 048053 051051 052046 052054 049051 051055 049046 048051 054051
i86, 053047 048050 048054 055047 052053 054047 049049 051051 046051 046053 051051 051048 054055 046052 054049 052051 055047 048048 054054 054053 049055 053048 054052 046047 051049 050054 054055 047046 046049 055055 049046 050049 047046 047052 046047 048046 050052 054050 054054 046051 054054 050048 053053 050046 055055 048052 049048 049049 053050 051052 050054 048050 047048 047052 048052 049047 052048 055049 047055 047052 048054 052048 048051 047048 052048 046055 055046 046046 051054 046048 052055 054053 052052 048054 052048 049054 053053 051046 046049 054046 051049 046046 054052 049053 049051 051053 050048 047048 051048 047049 055048 051052 046052 051046 054046 046049 054053 055053 046054 049046
i493, 050049 054054 048050 050047 053046 051047 055049 051051 054054 048046 055055 047051 047046 048046 050051 052052 055052 047046 054054 051052 054054 048048 047053 051050 049047 049049 048048 046048 047050 054050 053050 046053 048048 055049 050047 050053 054050 052055 046050 053049 054054 048046 047047 052052 049052 047046 054053 047049 050051 051047 047046 052049 047046 047051 052052 052054 051053 046053 046046 055049 055049 052048 052054 051051 053054 047054 046048 049046 047049 047051 050046 049054 053049 048052 049049 049049 047049 054055 049048 048054 054049 048046 049051 051053 046049 050051 050047 052055 048048 051055 049048 047048 055052 047051 051047 054046 055051 046053 054054 055049
i274, 046051 046048 049047 048054 053053 046052 049049 047051 047053 053051 051055 051054 054046 053050 051052 052052 053055 046046 054050 050054 054049 048053 053054 048047 055051 049052 054053 047046 047046 046047 047053 047048 047054 049052 049050 051050 054055 052052 049052 049054 049054 052046 046050 052052 055049 046046 050050 047047 047050 051053 049055 053050 052055 047054 052051 054054 053053 053052 053055 051049 046054 049047 054047 052048 052048 051051 053051 050051 047046 052052 046049 051051 046049 048048 049053 055051 055049 047049 049049 049054 051049 053052 053052 051051 051051 055051 050054 050052 051053 053051 055054 052052 051051 046055 054046 054048 055050 049055 054047 049052
i702, 055054 046052 049051 047050 051055 049053 054048 050051 047053 054047 055051 047047 054055 046054 054050 052055 055047 049049 054054 054049 049050 048048 048048 047051 051049 052049 053050 049047 047048 047046 052049 049047 048054 051051 050047 051053 054055 055047 050050 048053 048049 055047 052047 050050 055055 050054 049050 046051 046050 050055 046055 049050 051052 055046 052052 050054 052055 052053 052053 054052 046049 048049 054051 051054 048052 054049 054055 050053 050053 048050 046049 051051 049054 054048 049052 049047 053053 047049 054054 049055 053053 054053 054054 053050 046054 053055 047051 053047 049048 055053 055048 053048 054048 051055 051051 049048 054053 053047 046046 051051
i312, 055053 053053 046046 055055 053053 046053 049055 054048 046046 048049 051051 046054 055052 053053 051053 052052 052049 048048 052054 051053 053055 053048 054048 047049 049046 047052 054050 047050 046048 055055 049046 048053 047049 052051 050047 054054 054048 055055 050054 050048 051047 048048 052054 051049 050052 047046 053053 049048 051051 050049 051055 049054 048053 054053 052046 053054 048053 054046 046046 054054 052052 048047 052053 051051 052050 047055 048055 047050 052050 051055 049055 046050 054047 051048 054049 049049 047054 048052 046046 054054 047054 053054 052051 053053 053050 053054 047050 046052 051048 051051 055054 053048 047047 053053 046049 051051 054053 052053 046046 052049
i241, 050050 046046 049054 050047 050048 052046 055047 051049 046046 048051 055051 046047 046054 054054 053053 052055 052050 049048 054054 046051 054051 048055 055048 048047 051051 048050 052050 049047 048054 055052 049048 047048 055046 047052 052048 052054 053048 055052 048055 049046 054051 048046 053053 050050 050055 046047 046046 055053 047050 051055 055050 052049 054048 055054 046047 054052 052054 050054 051046 055051 048052 047048 052055 051046 047053 048055 048055 050050 047047 048048 049047 053049 046047 047047 046049 052054 047047 047049 046054 046054 046047 052046 051054 053047 049046 051053 047050 053050 054048 051047 047048 046046 054052 046053 054051 051051 054054 046052 047046 055047
i452, 053052 054048 048049 050055 051049 052055 049049 052052 053048 048051 055052 046051 054046 046052 053050 055052 055047 048051 054050 051051 053048 048053 053047 046048 047051 047049 050047 046050 046054 047054 048049 048049 048048 048051 047046 050053 053054 054052 048050 053053 053054 052048 047053 046046 055055 046054 053050 047046 051050 046050 051055 050049 051047 055051 052050 052052 052046 055046 046055 051054 052052 048052 047054 051051 051048 046055 046053 046053 046047 048048 048052 054051 048047 048054 054049 049049 051047 055046 046054 046054 051046 050054 052055 047050 049050 047053 051047 052049 048051 047051 051049 048049 052048 055048 053048 054053 054050 046053 054054 047055
i542, 046047 046050 048049 048055 053046 047049 048055 048048 054054 048047 055054 052048 049049 053046 053053 051054 055051 046048 054051 051049 046049 053048 052047 053046 050051 048052 051050 047055 054055 048054 049052 047049 047054 047046 052050 046051 047053 054054 050054 053054 047054 051046 049048 052054 049054 051047 047046 051051 051046 051052 055053 050052 051051 053048 049055 054054 048054 052050 051055 049052 048049 051048 054049 052051 049048 047047 047048 046046 054046 049052 047053 054049 052049 053046 049049 047049 055048 047047 048049 046054 050051 053047 053052 050049 050054 051055 053050 053050 047048 051052 049051 048046 048055 055055 049052 046051 054054 053053 055054 047054
i68, 046051 046046 052046 052050 055055 053049 048055 047050 050053 048048 052054 046048 052054 052054 050053 052052 049055 048048 054053 053053 048054 053054 047048 046051 047054 050051 047054 048049 046047 047046 054050 053052 048047 052053 047050 048053 054050 047052 050052 053053 054051 055047 052052 055046 055055 050046 049050 053054 050051 055051 055055 052052 049048 055051 052052 048047 052052 055046 050046 054049 046049 046048 054049 052051 052048 054048 055055 050050 051055 048052 047055 054048 052054 046048 049054 052049 050047 050048 053046 049054 046047 047054 055051 046053 054049 047055 047050 048053 049048 051051 051048 048053 048051 051048 051054 054049 054051 053053 046047 054051
i310, 051055 048051 049050 053047 054050 046053 051049 055050 054046 048048 051046 054054 047052 054054 053050 048052 055055 048053 054054 053050 055054 048053 047048 048050 052051 049049 054054 050051 050052 055054 049048 047048 049049 050053 050052 050054 046053 055046 054048 049053 054054 046047 054050 055049 050049 050046 050050 051046 050046 055052 055055 052052 048051 047053 055052 054052 048053 052047 051053 047047 054046 049053 051054 051048 048048 055047 054048 051053 053049 051051 049049 054049 048048 048048 046048 049047 049050 047047 053049 048052 050049 053053 052052 051051 049047 052047 047054 046052 049048 051051 049048 053052 051055 050046 053049 046051 053055 053053 047051 046054
i168, 051053 048053 048046 047047 055046 051047 050052 050051 047046 046048 049051 048051 054054 054054 050053 052053 055055 049049 050049 055046 049053 054048 047052 047046 051048 049052 046054 046055 052048 052047 048047 048049 049054 047051 050049 046051 047047 055052 054052 051053 049054 048048 053047 052046 050052 050046 050055 047047 053050 055051 055055 052050 051047 054053 052046 049046 046050 053055 053055 055048 049047 049052 051052 051052 050053 048048 047052 050046 048054 048050 046048 050054 048049 048053 047049 049055 053054 049047 053046 046054 052052 053054 052047 049048 047049 054047 047050 052052 049048 051047 055055 048054 052053 055046 054046 051048 054054 046051 052054 051055
i370, 048051 051046 046050 047047 051050 053047 054050 052055 054053 048051 051051 048047 046048 055046 053054 052052 055055 055049 054050 051054 055051 048053 047055 049047 049052 052049 050047 046049 054051 054054 050048 054047 048048 049047 047047 052051 054053 055054 046050 053046 054052 047052 048049 048050 055055 046055 049048 047047 049051 051051 046046 049053 048051 053046 051049 054054 053053 055055 052051 049054 049050 054054 054055 048051 050048 054051 046050 048051 046046 046051 046047 051050 052046 052048 047049 049049 047047 055052 052046 049055 051051 054047 055054 049047 054053 047055 050055 052052 053048 054051 051051 054048 055052 055051 052049 053046 051050 055052 047055 055051
i169, 051050 053046 048046 050047 055051 052055 049049 050051 050054 054048 052054 052049 054049 046054 050055 052046 047055 048048 050054 053053 048053 048051 054052 047049 054052 047049 050048 055047 048055 046055 048052 053053 052047 049049 050047 050053 055051 054047 046047 053048 054054 049054 053047 055054 050049 046046 053053 047049 050046 051051 055047 050050 054047 047046 051048 052054 049048 050047 052051 055055 053046 055048 047054 051052 052048 046048 048055 053053 051055 051052 046046 054050 052052 048055 048049 051047 047055 047049 053049 048046 054054 054053 054049 053047 051049 047053 047051 046048 049049 052051 052051 053054 051052 046046 053049 049054 050047 051046 052048 055051
i225, 051055 051050 050046 054052 054048 046048 055049 050048 050051 054048 051051 051051 046049 053053 053052 052052 055055 051048 054054 050053 054053 048048 047052 046047 055054 051052 051050 053055 048046 046055 052054 049050 054053 051049 046048 054054 051047 055054 048050 054054 053053 048048 048047 051055 054054 050046 054053 046046 048050 046055 055046 054049 052054 047054 052052 049054 050053 048047 051049 054055 047046 051046 053054 054051 052055 054053 054051 051050 052049 055047 052046 047053 046046 047048 047051 049054 053052 055049 046046 046046 049046 053053 053048 047053 054049 048048 055051 046050 051054 046049 054054 050053 055052 052046 047053 048050 054054 051052 051047 051051
i446, 055051 048051 050049 049047 050051 047051 050049 051048 046050 047046 054054 047048 054054 046051 053050 047052 051049 048047 051054 053050 053048 054048 048052 047053 049047 048052 051046 046049 048048 052055 049052 049049 046047 051051 052047 050054 047053 052050 050050 052054 049051 052049 053047 054046 055050 047046 046049 047048 050046 055051 050055 053052 048051 052047 047053 054049 053052 046052 050051 047049 052049 051053 054054 047046 049051 054048 051046 046053 049046 048049 048052 053049 055048 051051 049053 048047 050054 054049 046046 054054 046055 052055 052051 050053 053046 055055 050054 052052 048048 051053 049055 053048 048054 051055 054053 050052 054051 052046 052049 051051
i340, 053048 046046 048046 048048 051053 047053 049049 052054 053049 046048 048051 051047 046046 046051 052050 048052 050055 047055 054054 046048 054054 053048 052054 047048 051048 049047 046051 048047 052046 048055 049054 047055 048046 053052 048052 053050 046054 047050 050050 054050 054048 046048 054046 046046 055052 051054 053046 047049 047047 050051 055047 046049 051049 054055 052048 054049 052049 046053 051054 049055 052049 049050 053052 047046 049048 051055 053053 053046 048053 051051 052052 054054 055049 048051 052050 055049 055051 051054 051051 046054 051046 051051 054052 049053 054054 055047 050050 053049 047054 051051 048055 050049 055051 051046 049049 048048 054054 055053 047054 049049
i590, 051050 046054 046046 049055 050049 053048 049049 047051 047053 051049 051055 048054 049055 055054 048054 055053 055055 051049 054054 054049 054053 048053 048047 049047 046050 052052 047046 049047 049047 054054 049048 047049 054046 052047 049052 051054 051051 047055 046054 046048 054054 052052 047050 046052 054055 054046 053049 049053 046050 051051 046055 050054 052051 051055 052052 049049 051048 047051 046046 049051 055046 048051 052047 051051 050048 048055 048046 047046 052047 052052 055046 051054 052046 047046 049049 049051 047049 054051 049049 054048 054051 046053 048052 046049 055046 046048 055050 048053 048048 046049 048052 053054 054052 055053 049052 050049 052047 052046 054054 055051
i523, 055055 046046 046052 048055 051054 046055 055049 051051 046050 048051 054055 051051 055046 054046 053053 048052 049055 046048 050054 050054 054054 053048 053047 048048 047054 048052 054053 050046 052047 055046 049052 053055 049048 052049 047046 053052 047054 054052 050050 048049 054048 048051 052047 052054 054054 046050 055054 049053 050047 051055 055049 049053 048046 051055 055052 054052 052053 048054 046055 055051 047055 053049 055052 047052 055048 048055 049048 050051 048049 047051 055052 047050 046054 047048 049054 046046 047050 049049 053049 054053 047047 053051 052052 049049 054053 054055 050050 053046 048048 055053 054051 053053 055055 051046 051052 050054 047054 054046 054054 049049
i622, 048051 052051 050048 052049 047053 050054 049054 050051 054050 046046 051055 051049 046046 048048 054051 051054 049049 047048 050054 054052 053048 053048 047048 053047 050055 052047 051046 055046 047051 047055 054052 050048 052051 051051 050055 054053 055050 052054 050054 050053 047055 053049 052054 049046 055047 046047 053049 047049 053049 050050 046049 048052 047048 050055 054052 052052 055053 047048 053050 051049 050052 048053 054054 048048 048054 054047 054054 053046 051052 049048 053052 050054 049055 048052 047049 047047 047054 052047 053053 048052 051050 053051 053051 049047 050049 055051 048047 052052 053048 051047 048055 048048 052051 046046 051054 051049 055051 052053 055050 054049
i763, 051047 050046 046046 047055 046049 046052 047055 051054 048054 053048 051054 047053 052048 053053 055055 048052 053055 053046 052049 055054 051046 053048 052047 049047 051049 047050 050046 047055 052049 052054 048047 048048 049046 054053 050048 054050 055051 054047 050050 053053 054054 048047 047053 046052 048050 046054 050050 053046 050046 053055 051055 053051 052051 047046 055051 054049 046052 054046 050049 049052 053046 048048 055052 047047 048054 048051 053047 050049 046053 052046 053055 053049 046051 051046 049055 049049 052047 049054 052053 054048 051051 047051 049051 053048 050049 055055 050051 052049 048050 052051 054055 054049 049048 055046 054052 049050 055054 049053 055046 054053
i575, 050052 047047 048052 052052 053053 048052 048054 051050 050047 049047 051051 046048 049048 046046 051050 052052 055051 055053 054054 049053 054053 048053 048048 048046 051049 049047 051054 054050 048046 055054 047049 048049 047055 051047 052052 053053 047050 050055 049055 048046 054053 046048 053052 055046 055050 054047 049046 053047 051050 055051 049055 053049 051051 053053 050054 049051 047052 048046 046052 046054 049050 048052 051052 051047 048049 046046 046055 050051 052047 055055 052053 049049 046048 047053 055049 049055 047047 047047 046053 052048 052052 046053 053052 051050 049051 047051 055047 052047 048048 053053 054048 048048 054054 054046 053052 046050 050054 046053 049052 051052
i431, 048047 046051 049046 047054 051047 048048 050049 055054 054046 051051 051055 051046 049055 046053 051049 052052 055047 048048 050054 054050 053046 048051 052052 052046 049052 049050 050051 046047 046047 047055 052049 047049 047048 050051 046046 053050 051050 050054 054050 050050 049047 047046 052047 046052 052054 046054 053053 051047 050050 055051 055049 048049 054048 054051 052048 047054 048053 052047 046046 051052 055046 048048 051049 046047 048053 051047 046054 050050 046048 055050 052055 054049 046046 054046 049054 049055 048048 054047 049046 048048 051051 052051 054050 051051 054051 055046 047050 046052 048051 051051 048054 052048 052052 046048 047054 047048 054054 053055 048047 049051
i105, 046052 053051 048054 055055 054051 048053 047054 052051 054048 048046 055052 051046 054054 046053 051053 048054 055049 046046 054051 049049 052054 054053 052047 055047 049054 052047 050051 049053 046050 047048 052051 048054 048048 049052 047046 054054 046051 055047 050050 053050 048053 052048 053047 052055 052055 052046 050053 047049 051051 052055 055054 054049 046051 055049 050054 052054 052049 048054 051046 048053 046055 048046 054051 054047 048048 046047 046048 050053 047052 046046 055048 049051 048052 050046 048052 051047 054049 054052 052053 054055 052048 047053 051051 053053 046050 047055 050047 046053 048054 051050 049049 053054 052055 053046 055052 053049 055047 047052 055047 051051
i461, 046055 046048 055046 054047 046049 049053 049055 052052 054054 051048 051050 051046 054054 054054 053054 052046 055055 053046 054054 049054 052052 055051 053048 053055 049049 052049 051050 049055 050052 055054 049047 055053 049047 051047 047048 054050 047047 054054 051048 053050 054054 050052 047047 050052 047055 046050 046050 051047 050046 050051 051046 050054 051048 055054 050046 054054 052047 055046 053046 048048 046046 051052 048053 051047 049053 051055 053054 047050 047051 051051 055047 049050 046046 051047 055049 049052 047051 055054 049049 054052 054048 051050 053053 047051 054050 047051 050050 046052 048051 049051 052049 053049 051047 052046 051049 047054 055055 053053 052046 050046
i60, 048046 046053 046055 053047 052055 052049 055049 048047 054050 048046 051051 053046 049046 051053 051053 055052 055046 048050 051053 053048 051054 049048 048048 055047 053048 047049 048046 047051 052046 055054 051052 048049 047048 046051 050055 051048 054046 054054 054054 053054 049047 048050 051047 046054 053052 054046 046047 049049 050051 051051 046055 055049 051046 049053 054051 047049 052048 050055 055054 048048 052046 053048 054054 051051 048050 047047 046054 051050 053049 052048 055050 047051 048046 052054 054048 048050 047053 047054 053049 054048 051048 053055 052051 053051 054048 047054 055050 050048 049048 053055 049051 054053 052052 051046 054052 052051 047055 053055 049051 051049
i364, 046048 046051 052049 047047 055055 046051 049055 051049 055048 047051 055055 053054 049054 046053 053053 046052 047052 048046 054054 050052 046049 046048 048048 046048 053051 046049 053054 049049 053051 055046 049047 052049 048047 051048 048051 046050 054046 050052 051050 046048 047051 048048 051054 046046 055054 046054 050049 055049 050046 051050 047047 053049 048047 053049 052052 052052 049055 052049 049052 054046 052049 046048 054051 051047 051048 055055 046046 054046 052054 055046 055052 051048 052052 052051 053054 049049 048050 054047 046053 049048 053053 053054 050051 049051 051051 049054 053055 052052 048053 053051 054048 053050 055054 046055 052054 049050 047051 053046 054054 055051
i767, 055047 052051 049048 047049 053046 052053 049055 052051 050054 047046 051052 047051 046046 046054 050050 055054 050055 046048 054053 055049 053048 048048 047047 053047 055051 052052 051050 053053 049046 048055 052049 054052 046054 055053 046052 051054 047054 055054 050050 054048 049054 049055 047052 046054 046055 046050 050047 053046 047047 050050 055055 049049 051047 053047 055046 049054 050048 052046 051051 048055 050055 052054 051054 051051 048048 048054 054053 049051 049054 052052 050053 055054 052046 051048 049049 048054 055053 047047 051053 049049 047046 053053 051052 047051 049049 047047 047047 052046 051053 053050 048049 051053 048052 048053 047051 048051 054051 046046 048054 047048
i224, 048046 046053 050046 049054 050046 048046 051049 050052 048053 048047 051051 051050 046046 053048 051052 052052 052051 049054 052050 049053 046046 048051 052052 053047 047052 052050 054048 049049 052054 052052 054051 048048 046047 046051 049047 052053 051053 054054 052049 047051 048054 049046 051052 050055 055048 046051 055050 046049 047050 051055 055055 050049 046046 047047 046049 052054 053046 046052 053054 052054 052048 048049 047053 047052 052052 049046 048048 051051 052049 052049 049050 051049 052046 051046 049052 050049 053050 049046 054049 053049 051051 053046 052051 049048 054053 051051 055047 048052 048048 048055 049053 046054 048052 054048 049052 046046 047055 046052 052052 051051
i616, 052050 053046 046046 048052 047050 053052 049049 052050 046055 048048 054055 048047 047054 050046 053048 046055 049055 047053 049054 055053 053046 053048 048048 046051 048051 048052 054054 049049 055047 055055 053048 049054 047054 050047 052051 051053 051051 052047 047050 053049 049051 053046 047054 046052 052049 051046 049050 048051 051050 047051 048047 049049 046048 054055 052051 054054 052055 055050 049046 047054 055046 046048 055046 047052 053049 054055 048046 053050 048052 052051 055052 049047 046054 047054 049049 047047 047047 049051 050049 049055 051051 046046 049051 049049 047051 054048 047050 055053 048048 054055 051051 053048 048052 050051 052053 048054 055054 053053 051047 055054
i404, 053051 046053 049049 052048 053046 052053 055047 051051 047050 051046 051048 054047 052046 053046 048053 048052 049055 048048 054053 053048 054053 053048 047054 048051 049051 049051 055051 046050 051049 047055 052052 047053 048048 048053 052047 053050 050048 054054 054050 053049 048053 047054 050052 046049 047049 047046 053053 047047 047051 055051 047051 052055 048051 054055 051054 052052 046052 055050 046052 054049 046046 052055 051048 051047 051049 051046 046055 053050 049046 052055 055053 054051 055055 048047 054052 054047 053048 052047 046054 054048 051046 055053 050052 053055 051049 050048 047050 049052 048047 051047 048051 054053 048052 046055 054048 046048 055047 046053 054047 051054
i149, 055051 050046 047046 052050 054052 047046 051048 050051 048046 051047 051055 046052 054054 054046 051054 052048 050053 046048 054054 055054 049048 053048 048048 047048 047052 050051 055050 054048 051054 055054 054048 049048 047046 048055 050052 049051 047053 047055 052048 046046 053053 049046 052054 050046 049055 050046 050047 049055 052050 052055 054055 050054 051051 054047 046052 052054 053048 054048 046051 054047 050046 048047 049053 052048 049047 048047 048052 051050 051051 048047 052046 047050 047046 047047 051049 049047 048049 047052 048046 052049 053051 050054 054047 047049 050049 051055 047050 052046 050048 053051 055053 053054 052048 051046 049047 052050 051055 055053 054046 052055
i639, 050046 048046 046048 049049 051049 054052 049054 051051 050055 048048 051054 054047 054054 046046 050053 054053 047055 046046 054054 050055 053049 053048 047054 048052 050047 050048 051054 047050 047048 048054 049049 047053 047046 051055 047048 050053 050047 054047 048048 049046 054049 055046 051053 055046 054050 046046 053049 054049 049047 049055 055052 053053 048055 053054 051051 048051 053053 055047 051052 052047 049052 052048 051055 052051 053048 055054 055051 046050 047054 051046 048055 051049 049047 047046 049049 049047 048054 051052 049050 052046 046053 054051 049051 051050 051049 051046 050050 047052 048055 052051 049049 054048 052048 048046 046054 048046 054054 053055 054046 051049
i171, 052051 048050 046050 050052 055051 053053 055049 054050 046046 049047 051051 046051 047050 053052 054052 054052 052047 046051 054052 053049 053048 046053 055052 048051 054046 050049 048054 049047 051052 052046 049054 053048 048046 049051 048047 054048 052053 055052 054054 054051 047054 055049 047046 046052 046049 054054 050053 047051 050051 051051 054055 050052 054048 052054 052054 049048 046052 050048 051049 048053 046046 048046 051052 054048 050050 051047 055046 050054 050047 051047 049049 051049 052046 048046 051049 046049 055048 052047 047053 051055 053052 053053 047054 053053 048050 055054 050051 053052 051049 055053 052048 053049 051048 051046 047046 054050 055054 046049 048054 055048
i20, 051050 046048 048048 054049 051046 052047 049049 051051 054050 051049 054051 051046 055046 053051 050054 055052 046052 051048 051053 050054 054055 048053 050048 051053 054055 050049 050054 049049 048048 055055 052050 053052 047048 051047 047047 053051 053048 052047 050049 049054 049053 046048 052048 055046 054054 054046 055050 047047 050051 049053 055047 049055 050052 053053 051052 049046 052053 053048 050046 049047 049046 049048 049054 049047 048054 055047 053046 053051 047047 051049 052047 055046 046052 050051 053055 049055 047048 054049 052052 054051 046046 051053 051054 049052 046046 047055 054050 048052 048048 050051 048055 046054 055052 047055 055054 051050 054054 049053 052054 055046
i612, 055051 046055 048049 047049 050051 046047 051049 051055 054054 049048 055055 047051 047046 051054 050049 052052 051047 051048 054050 049051 054048 046048 048054 049053 051052 050054 054054 050049 047047 055054 049052 048049 048049 049051 047046 047053 050050 046055 054050 053054 049054 048050 052047 050054 055052 047051 053049 051049 051047 051050 055055 055049 046049 046047 048052 051052 046052 055048 051052 049051 046052 052047 049052 052051 052048 051049 048046 050049 047052 052055 052053 051049 049046 046052 047051 049049 048047 055049 053053 054052 051050 046053 054052 050049 049049 053048 051050 052047 047048 051046 048048 048054 052048 053055 049046 048050 055051 049054 052051 047049
i215, 047046 049046 047052 049054 050046 050052 050055 050051 053054 048046 055051 047047 047047 054047 053050 051052 047051 048055 054054 050049 054053 054048 048048 053052 049048 049050 048050 050049 054051 048050 047048 054053 053048 046055 046047 051053 047047 055055 050054 054046 054053 052046 047052 050046 050047 048051 053053 046046 047050 053051 054055 053050 051052 047053 048052 054054 049051 054047 052049 055049 048055 047048 054052 051054 050051 046048 046055 053050 047052 047048 049052 049054 055049 052048 054052 054049 055047 047047 049046 052049 053053 053053 055051 053048 053054 053051 050047 052054 048049 053051 048054 048049 054048 054052 052049 055048 054046 055054 054047 054047
i510, 047053 046053 049049 048047 055055 048050 049050 052048 053046 051048 055051 052052 046047 054053 050051 052052 051051 048048 054049 052049 048051 048048 053053 047047 054051 049051 054054 050055 051055 051054 048052 048049 049048 050051 046050 053054 053046 055052 050050 048049 054049 055046 053052 049052 055046 054054 049049 046049 050050 051053 047051 054047 047051 047047 046054 054049 053046 051054 046049 049054 049054 048053 046054 052047 054048 046046 053053 046050 047047 051048 047053 052050 046049 051050 048049 049049 048047 054052 049046 054055 046052 053054 054051 051053 051049 053054 047050 052048 054048 055051 051054 048052 048052 053046 051048 051052 050047 053055 049055 049047
i128, 052048 050046 050049 047055 054051 051052 055055 052055 046054 054048 055051 053047 055052 049052 053054 052051 055052 049050 054054 050054 049054 046048 053047 053047 054054 049055 050048 050047 052049 052055 052049 049049 055049 047051 047046 054053 047052 052055 046047 054046 047047 048054 048053 050052 052055 046046 050047 048053 051050 049051 055055 049054 048046 054046 055051 054049 052047 054047 047052 051053 048055 055053 051054 051051 048047 046055 046046 046054 049055 051051 048048 051051 046051 046047 050048 049047 048053 047047 047049 054051 051051 055051 055052 052053 049049 054053 047050 052050 048048 051054 049053 053048 049055 046046 053049 051051 054055 046053 051054 051046
i723, 047050 046048 046052 055055 054051 050050 049049 052054 049054 048047 054051 047049 046046 054054 053053 053052 055047 047048 054054 053054 052048 053050 047047 047047 051047 047049 054053 049051 054054 052046 052049 049053 053050 051055 047052 052046 047047 054047 046048 046050 054053 048055 052053 054054 055053 055049 050053 049053 050046 054055 055050 053054 051047 054046 051050 052054 047053 046048 051047 048049 052049 048048 054054 054051 050050 047047 048048 046050 047055 055049 053046 054054 046052 051054 049050 049055 048055 051054 051049 054052 051046 051051 054051 050051 049050 054051 047048 046052 049055 052053 053048 046050 052051 055053 054048 051050 054054 053055 052046 049054
i18, 052053 046046 048052 047054 055055 046049 052049 047047 055054 055048 051055 051054 046047 053055 046048 048048 053055 052055 049054 051053 046046 052048 054048 047051 051046 052049 051050 050047 048052 046052 049052 053047 049053 052051 047049 050053 053046 052055 050055 050048 047049 052048 047047 055046 049055 046052 050048 046052 050050 051048 046055 048050 047048 049050 048048 052054 053053 053053 047052 055051 046046 052051 047048 052051 049052 048051 054054 053050 054047 048048 047048 051051 046049 048052 054050 048049 055053 052046 049046 046052 046052 053047 051054 053047 048049 051048 050050 046046 050048 047054 047054 050053 054048 055054 054047 052054 054054 053046 050051 051047
i198, 050050 049051 048048 049047 055051 054053 049049 050055 054050 048046 051054 051046 046054 053046 050053 052052 047051 048051 049051 055050 053046 053048 052054 046047 055046 049049 050051 047055 046050 046055 050051 049049 046048 053047 049049 050048 047055 047055 054050 051048 055055 055052 053047 046051 052054 046055 047053 047053 048046 051051 052047 053048 048055 054055 051052 054054 052046 046055 051051 048055 049047 053048 054051 051051 048053 047051 055055 050046 049048 051051 052052 051046 048048 048048 048049 054049 053055 054047 054051 054055 054051 055047 051051 053049 047046 048051 050047 050049 048048 046051 049055 048053 048052 051046 048053 048048 054054 053054 047054 047046
i192, 051050 048051 054050 055050 050053 051052 055055 048052 054051 054046 051054 046054 046054 054046 053049 052052 047049 048048 054054 050052 049049 048054 047047 047053 048054 052050 050051 051046 048055 055054 050047 053053 054047 047051 048051 050053 054054 047047 054052 049053 053051 048048 053047 055052 055055 046046 053054 051053 051047 049052 048055 052055 051049 047052 052051 052054 053053 046053 047055 047054 046048 052048 055046 051051 048048 055049 046048 053050 051047 048048 051055 052052 052052 053052 047053 049047 054055 054047 051054 046049 047051 052047 049051 053053 047053 055055 055050 047046 048055 051055 054049 053054 049055 051055 048051 050051 051047 053046 047047 050047
i421, 055050 054051 050046 055048 055054 054048 052054 055055 050054 046046 051055 047046 046052 050048 052053 055052 055049 046048 049054 051051 053053 048048 053052 047051 048047 047052 047054 055055 052046 048047 049049 047048 053048 047047 052046 046054 047051 054046 048050 053049 054052 048050 046047 050055 047055 050046 047053 046047 051050 051053 055055 053052 048052 047054 052052 053052 053051 055054 052050 053054 046055 055054 053047 051047 052049 055049 052046 050046 049051 046049 052047 049053 055052 046048 052055 047049 047047 052047 053047 047046 051050 054053 054054 053049 047050 055054 047047 052050 047049 051050 048049 048048 051048 048055 051052 054050 054047 052052 054051 054052
i655, 055047 053050 047054 049047 055053 049049 049051 051055 047054 048046 051055 051053 055047 053052 053050 052048 055055 051051 054047 053046 051048 053048 054054 048048 050048 050054 055051 055050 052046 050046 050049 050048 048053 053055 048047 053050 047046 047048 054053 054054 053054 048050 052048 046051 055050 051054 050050 048051 050050 050050 055046 052050 052052 047055 049052 053052 046047 047047 051051 053047 049050 055052 047054 048054 050048 048048 048046 050046 047049 049055 050047 050051 046046 048048 046052 049055 053048 052051 046053 055049 046047 053053 050052 049053 053047 047051 055047 047053 048053 050053 054048 053053 048055 046053 051051 048051 055050 053046 051048 054051
i668, 046053 047046 046049 047047 051051 052053 055049 049054 046054 047048 054051 049050 054049 053052 050050 052051 047048 051046 054054 054050 046054 053048 055048 049049 047050 047051 050046 050049 055046 050053 049052 053048 055046 048053 055050 049053 050053 052055 050050 054048 054054 052048 054051 052054 055052 047054 054053 049049 050049 051050 046055 054049 054051 054054 052051 047046 047047 048047 051051 047054 055046 046052 053051 047051 050049 047046 055048 046046 052054 052048 052046 050049 055055 052052 054049 049052 053055 054047 053049 049048 052051 051051 049051 053049 048049 055047 050047 046046 049055 053046 048055 055051 055047 046055 049053 049049 055054 049046 054051 055051
i234, 055047 052052 052048 050054 054047 046052 049048 054050 052054 048048 051055 052048 049055 046046 051046 048051 052052 051048 054051 052054 055046 048049 054053 048046 051055 054050 048050 050055 054054 055053 055050 047050 047053 050051 047048 053053 052052 047052 050050 053046 055049 055054 053049 050052 050055 046046 049053 047053 051050 054050 055055 046050 055052 054049 051046 054052 046051 046046 051047 048049 055055 048050 053049 051052 048048 055051 051046 053050 053054 048051 048050 051052 055054 047048 049046 049049 050048 049047 054050 048051 046054 054053 049047 050047 054051 053048 047048 053049 048054 051051 048055 053051 052052 046051 053052 052050 055054 051055 054050 047054
i458, 051047 049050 052046 047047 047055 049053 050052 048051 050046 051048 048051 046054 047050 046052 050049 052054 055047 047051 050054 050050 052054 048051 054050 053047 051051 049051 051048 055050 053055 050048 054054 048049 048046 050053 052047 053050 054055 052046 052049 054053 046054 048055 047051 046055 047054 046046 049050 051051 050050 051051 055046 050047 053055 053055 052047 054054 051052 052047 046055 051055 046052 052048 054047 048051 048050 053052 054054 050046 049047 051051 055047 054051 046049 046047 049051 051049 048047 054054 054046 047051 051052 052052 052051 055048 050050 054047 046047 054050 047051 049051 049049 053054 051052 055046 054052 053049 055054 046053 054054 052052
i80, 052051 053050 046048 047050 046053 047052 055049 051050 054049 047048 049051 051054 048049 046052 050048 052052 047052 047050 054054 055054 048046 053049 047055 051053 051054 050054 051051 046048 047049 054052 047054 047053 046048 053055 052050 053053 047054 052050 054046 053046 055054 048055 047053 046050 052055 046046 052046 047053 046052 047055 046051 049047 047047 047051 048050 049051 046047 047052 049053 049055 055049 049048 051054 051054 050048 047055 046055 046049 049053 052051 052048 049053 054046 047047 049049 051048 053053 047047 051047 054054 051046 054054 052049 051047 051048 054051 047047 052046 051054 049051 048049 052048 048051 053055 047049 049051 054055 051046 046054 055052
i799, 053054 048048 048046 049053 054046 046048 050050 051051 050054 048051 054051 054051 055046 048054 050052 052052 055055 051049 053053 054054 054046 046053 054048 049046 051048 051052 054051 047048 050055 048054 048052 053053 047049 052051 050049 050053 052046 047052 054050 046048 054049 055048 053047 050049 055047 054046 050047 047047 051051 051050 050047 050046 046048 053047 049052 052049 046048 055047 051046 047053 048046 053052 055054 051051 050048 053051 054054 050051 048047 051046 047055 050054 046049 054053 049052 049055 047054 054047 052046 046048 051046 053055 055054 049053 050050 052048 050050 054052 051051 051055 049051 053054 049048 055055 046049 048055 047055 055054 047051 055051
i47, 051053 046051 055054 048052 051046 053047 049054 051048 054050 046055 051046 054047 046046 053054 048050 052051 050049 050049 054054 053053 046050 054046 046047 053053 047051 051052 050050 049047 050052 055054 052049 049048 046052 047053 049046 049053 047051 054050 052055 048050 054046 049052 051047 052046 055047 046046 053049 053051 050050 055051 046055 052054 047051 047047 050052 053048 053053 055052 050046 051055 049055 048048 047053 051053 048048 047048 054052 051050 052050 050051 052046 054049 049055 052046 046048 049049 054054 051047 049054 055046 051046 051051 049048 051051 051049 054055 047051 055053 051048 054049 054049 053048 052048 046051 046051 050048 055050 052049 055054 054050
i109, 047046 046052 050048 055055 051046 051046 049055 051048 046054 048049 054055 046048 046046 046049 053051 054052 055055 052048 054054 055049 053054 048053 047047 050047 054051 048051 054050 050047 048049 046052 054051 049051 046047 047051 051047 046053 055054 050052 048050 055053 051048 048048 047053 052049 049055 054054 047047 047046 051053 050050 046055 053046 055048 054047 048052 054052 046052 047054 051055 048055 046048 051053 047054 052051 052047 048047 055046 051049 048054 046048 055055 049051 046052 047047 049052 053049 051048 055047 053046 054049 052051 053054 054049 053049 046048 053053 050054 046049 048053 051053 055055 053050 048048 047055 053053 049048 054055 052051 054052 047047
i329, 055048 049051 047046 048048 055055 052054 049049 052048 048055 046049 050051 047054 047046 053054 050048 052046 055047 049048 051049 054055 054054 053048 047048 047049 048046 050047 050054 055046 048055 046052 054052 047053 052055 053046 049047 054051 047046 054052 054049 049053 047048 049050 052047 049046 054052 047047 053054 052047 047047 049050 046050 049049 048051 054054 052052 048054 046047 054054 055055 054046 052053 048051 054051 051051 052047 047047 055055 046051 050050 049051 050053 049054 049046 047046 055049 049047 047053 054055 052046 051049 048052 052054 052052 053053 049049 047052 055047 048052 048046 050050 055048 046048 054054 046048 046052 053049 055054 046054 046054 055049
i3, 051050 048048 047048 050047 048048 052055 051051 055050 054054 048048 055046 052051 046054 053052 054052 051054 047055 052047 054051 050053 051054 048046 048048 047047 055049 048052 046046 048055 052055 047046 049049 047047 049048 053048 047048 054048 053053 055055 055054 054049 053055 048048 053052 054050 050050 046046 047050 053051 053051 050051 055055 049049 055047 054053 050052 049052 047052 052053 046052 051054 048046 046048 054054 054047 048047 054048 054051 049050 052051 048048 055053 047054 055048 048055 049047 051047 047048 054052 046053 049051 047047 046052 049054 047049 051050 048050 051050 053049 048048 050051 054049 046048 052048 055055 054054 050049 055054 053053 046047 049055
i562, 047050 052050 049048 055055 055053 052050 055049 054051 049049 047047 055048 051046 046049 054051 051050 052051 049049 051046 054054 053051 054051 054053 047048 046047 051054 049053 054050 046046 051051 055052 051054 049049 048053 046046 050050 053050 053047 054052 050048 049051 049052 046048 047047 052046 053053 046046 048049 048051 050047 051051 054052 052052 054054 047054 052051 053052 053047 055046 049047 049046 049048 050048 047054 047047 052047 046048 047055 046053 052054 055047 052052 047053 051046 048050 051049 049054 047055 054047 054049 055054 054047 050053 055047 049049 051050 054047 047051 048048 054048 055051 051049 048054 052048 052048 052054 054049 054047 055052 052047 051049
i67, 047046 051050 048052 047049 048055 048049 050049 055048 053046 046053 051050 049046 054046 054054 053053 052054 055055 052051 054051 054053 055048 048053 048048 048053 051050 052048 050050 050050 046054 046052 054049 047050 049050 047047 051047 053054 046053 047054 054054 051054 053049 046052 047047 046046 055053 046046 048050 047051 051053 051052 055055 049054 051048 046055 052052 049049 048048 053052 049053 049049 053048 054049 054054 051051 047049 046047 055046 051053 053047 052048 053046 054049 046049 048048 054052 049049 054048 047052 046047 048055 046051 053051 055055 053049 050050 055054 055055 050052 048048 047051 051053 052053 051052 050055 054054 052049 054054 046046 054054 051051
i388, 050051 050049 054054 050052 048051 052052 055049 048051 054046 046046 051046 046048 054054 048047 050054 053054 046055 048054 050049 050053 048050 053053 048048 046046 049052 052050 047053 050046 052052 047052 051052 048051 052048 051051 048052 053054 049052 050055 050046 053053 054054 048048 047052 046049 052055 050054 050050 049053 047050 051047 051046 049054 052051 054055 052052 053054 048052 047047 046046 049055 046046 048048 055054 052051 050051 055055 048055 050053 055047 051046 048055 052053 046046 050048 049049 055049 051047 049047 054054 046051 053050 053046 049055 050051 050054 051053 050055 047054 051048 051051 049047 053046 051051 055055 049053 049050 047054 053053 046046 051055
i332, 055050 053053 048046 048050 054046 053048 055049 048048 054054 046053 051055 048051 046054 053046 053050 052052 047053 051048 051052 050051 048054 048048 047047 053055 049052 052054 050050 049046 046054 054055 049052 049052 048048 047047 052049 051053 054050 052054 046054 053054 048054 046048 052048 055052 049052 046046 050053 049046 050051 051051 047051 052053 051052 050054 047046 052049 053047 047054 050052 049055 048052 052055 051052 051051 054054 047048 050046 053050 047049 047048 049049 054051 047048 047047 049052 049047 048055 047052 053051 049054 052051 051051 050049 049051 046046 055047 047047 050052 047048 053051 055048 046048 052051 048055 054052 048050 055051 051049 046047 054047
i30, 053051 048046 048046 055047 054048 047051 054055 051048 046054 047054 049051 047049 046054 052052 054053 046052 047055 048050 050052 055049 046046 048053 052047 046047 047053 047049 050051 055055 049046 054055 047049 053055 052048 047047 052047 050050 047046 055055 054048 050051 052054 052048 046048 055050 055055 054051 050053 053047 047047 051051 054055 046053 046051 053054 054046 052049 048048 055052 047051 048051 047049 052048 049047 051051 048047 054047 047046 046050 052055 051052 053047 049054 046046 051046 052052 049048 051048 049047 053046 046051 051051 049053 054050 049052 049048 055051 047055 050048 051054 051055 054051 053054 049051 054048 054054 051050 055054 046053 054054 054055
i400, 048053 049048 048049 055050 055046 046054 055049 052055 046055 046054 046055 054047 046046 052047 053052 048052 053053 050052 050054 052049 054046 048048 052054 048053 053047 047048 048054 052049 048051 054055 048054 048053 047054 049047 047048 050050 046046 055054 050049 052046 051047 052047 053052 049052 055052 046054 054048 049047 050050 052051 046047 054050 051055 047054 051052 047052 054046 047051 051050 049052 046049 053048 048051 051051 049055 047054 047050 050050 052050 047051 049049 054053 055046 047054 054048 049047 053047 049047 055046 051046 046046 046051 052051 051046 051049 055047 050051 052052 054048 051050 054054 053048 048055 052054 047053 049051 054054 052053 047046 049055
i212, 050051 046046 049049 050055 055054 050052 054054 051055 046053 047053 052048 051047 046046 051053 050051 054055 047047 049048 053054 049052 049054 048048 053052 051051 048054 049050 048051 049049 055046 053054 053048 047049 047047 051051 052047 054052 052047 047046 055050 049049 053052 048050 053047 046046 049053 046046 050054 047047 054050 051050 055055 049049 049053 046055 052048 054052 049048 047054 055046 049054 046048 047052 054047 054051 050051 055055 051055 053050 046048 046055 055052 052054 047046 048046 049049 049049 054048 047054 046049 048049 051046 053052 052051 046048 050047 050055 049047 047050 048054 054046 049054 052050 051048 046046 053054 051049 051055 052055 052050 047052
i165, 050048 046050 048046 049049 046046 052047 051055 054051 054054 048048 048054 048054 054049 048046 053050 055052 047054 049051 054051 050049 046046 046054 048047 049046 054047 051050 050054 050048 051046 055055 052046 055052 048052 055047 047047 050051 054050 054052 050050 054051 047047 052049 048051 049052 052055 054055 053053 051052 047050 051051 055055 052051 054054 054046 052052 052048 047052 052055 051051 048052 055053 046052 049055 051051 049048 055047 046051 047051 052047 048055 048053 050051 053046 048054 049049 049049 050048 047055 049046 049051 047047 050052 047055 051046 049051 055055 047047 046046 053048 047053 051048 053048 047055 052048 053048 054050 055050 046053 054054 051046
i37, 055051 046048 046052 053047 051054 052046 050049 052051 046054 054049 051047 046046 048046 046054 050051 052052 051047 051046 054054 048049 048054 048051 048047 048051 053051 052049 048048 055047 051054 055052 049054 049051 046048 048051 047047 046050 047050 052054 052050 050053 055046 046048 049053 046049 055055 055054 053053 053049 050047 055055 055055 050049 046054 055049 046052 054054 046050 047048 049046 053048 046048 052048 049052 051047 050054 047054 054052 050050 049055 050047 046049 051054 053046 052048 052049 049049 048047 049047 053049 054051 052049 048051 054047 049047 050053 048048 050055 052053 050049 050051 054055 055052 054052 051052 052051 051054 055047 055052 051051 050046
i345, 051052 047050 047046 047055 048053 054050 049049 055050 048054 048048 052051 054048 047046 049050 053050 052052 055049 050054 049049 050049 049054 048053 047052 053054 051051 054052 046048 047047 050054 055052 049047 049049 049048 055049 046047 054054 052051 054054 050050 054054 054051 047048 052047 050046 055046 054054 048050 047047 050052 053055 054046 052048 055052 053047 051052 047054 050053 052054 049051 049055 048047 046054 047051 052046 053048 051048 053053 050050 047049 048055 054052 047050 054052 046047 049049 049054 047048 054049 051053 046048 054054 053051 054049 050047 048049 047051 055055 046046 054054 051051 048048 052052 051049 051055 049052 048050 055047 053053 048052 051055
i804, 046047 048046 048054 052050 051053 052052 049049 051048 050053 046051 053055 049047 047049 055048 050050 052055 055051 046049 054054 052050 054046 048053 052054 053055 052050 051049 054054 055049 052047 051055 049049 053049 046053 051047 050052 050051 054050 052055 046050 048053 047049 055049 047052 049052 049055 047051 053047 053047 050050 051050 050046 050052 051051 055047 055053 054054 047048 047053 049049 055047 054055 048055 054054 052054 051049 055046 054054 050046 051052 055052 048053 051053 052049 046047 053049 049049 048047 055047 051046 055049 051051 052053 054052 053051 049050 048055 054055 053052 048048 051051 054049 046050 048052 046046 051052 049048 051047 049050 046055 051055
i250, 055047 048046 052046 048046 049051 052053 047054 055052 054054 051048 051055 054051 047054 046053 051048 052052 055055 051051 055054 052049 051054 054048 052052 048046 051051 049049 048052 050046 055054 055047 049055 053048 048047 051055 052051 053054 054054 053050 054052 053054 054054 047048 052046 046052 055051 052046 050046 051052 049048 051051 051051 053052 048048 055054 052052 052053 048053 046048 051049 054049 047047 055052 052051 051051 050048 051051 053046 051050 049047 049046 049052 049049 046048 051048 051052 049054 054048 047047 054049 054054 051051 054054 055049 053053 054054 051051 047050 049046 048048 050053 049054 053053 048054 046055 052049 051051 055054 054053 054050 049052
i217, 051054 049046 047046 048047 053054 049050 049051 050051 048054 049046 051051 046049 049049 051054 048051 052052 049055 046050 054053 052048 051051 051054 054052 051046 054051 047048 055053 049049 052046 052055 051052 048051 048049 046055 048047 052050 055046 054055 050052 053050 048051 047048 047047 055050 054047 046050 047047 047047 050050 050055 052046 055054 052048 053053 052052 049054 047052 046054 046051 054049 049049 047048 054049 049051 051048 049054 048054 050049 051047 048052 055052 050054 055054 052048 052049 049047 049048 053054 046051 046054 053051 046054 055055 049046 046049 047047 050050 052050 054049 051052 055055 053049 048055 046051 054054 050054 054054 055053 052054 051055
i749, 050053 048051 050049 054055 055046 049052 049055 052055 054050 048046 051046 048047 046055 053052 054050 052052 047052 051049 054054 051054 049055 053054 052047 047054 049054 055050 050046 048046 055051 055054 049052 049050 047049 051052 046047 050053 053047 054050 048051 049051 054047 048046 054052 052050 049055 052050 046051 050053 051051 049050 049055 052049 053048 053047 050054 048052 046047 049052 050052 048054 049055 048048 054051 047051 052053 055046 054046 050053 049049 051050 053055 052051 049055 055052 049049 049052 053050 054047 054049 048054 051048 047052 054051 051051 049046 055051 050047 053047 047048 055053 049049 055053 052051 048051 052051 054054 053047 055047 048054 051049
i600, 050050 052048 049055 047048 046051 052052 049049 054052 053050 047048 055051 052051 046046 046053 051053 054052 049055 049051 054054 055050 048048 048048 052054 047048 054051 049047 050047 050047 048048 055048 048054 047049 048048 051049 055052 053050 055054 054054 050050 053046 053051 048046 054052 046052 047053 051046 048048 053055 053050 051049 050047 052052 046052 054051 047051 054052 052055 046047 049055 046049 049046 052048 052054 054047 051050 047051 055055 046050 047046 052055 046048 046054 046055 050048 048054 049050 049053 055047 046050 049049 051047 053053 053054 047051 051051 047054 050050 052053 055054 051053 054048 048053 052054 051055 046054 054050 054053 047055 048046 051047
i695, 050053 050048 054049 048048 055054 054054 046047 054051 054054 046048 051055 055047 046046 046053 053053 054052 049049 048050 053054 053053 046048 051048 052048 049046 049050 047047 051055 047055 048046 055047 048051 053049 049053 055049 050052 051053 046047 054050 050054 050054 049053 048050 047047 049050 047051 046046 049053 053048 050051 051051 055055 049047 048051 054054 050046 054047 052046 055047 051049 055052 049055 048055 054052 051052 048048 048048 053055 050053 052054 051051 048052 050047 052055 051047 049049 055051 051051 053054 049046 046054 053051 053050 051052 049051 050049 054048 047050 049046 051054 051054 054055 054049 049051 053048 054054 051048 054054 046053 048052 046047
i766, 048050 049052 048048 049049 054046 048052 049055 052051 053050 047048 055051 046046 054046 051053 053051 052052 052047 054048 054052 055055 050049 054051 048052 046047 046052 049047 050050 055047 048055 054052 051052 049049 046049 053046 054047 053050 054051 047055 049050 050049 049049 054052 048048 052050 055055 046047 050054 051053 051047 051055 046055 049052 048047 047049 053052 048052 052052 052054 051053 054049 046055 054051 052054 054051 052054 047055 054053 046050 049055 048048 050048 052052 048046 051051 053051 050047 048049 052052 054046 049051 053051 053053 051053 053050 050051 048051 047047 050050 048048 051046 049051 050046 055052 054048 049051 051051 054047 052055 047048 052051
i244, 051050 046046 047048 048048 055051 048049 048049 048052 054046 048048 055051 049047 047054 052054 055053 052052 049047 048051 050053 051053 049046 053048 052047 046053 047051 052052 048050 050052 048052 055055 047049 047048 052049 053055 047051 051053 051046 052047 049050 046053 053051 051055 048047 052046 048046 046054 054047 051049 051051 050055 055055 049049 046048 055051 048052 052052 048053 055046 048055 047049 052049 053048 047047 047051 049053 048055 046055 051051 047052 052049 052047 050055 054051 051053 049055 054047 048054 047052 046052 055048 051051 046053 051049 053049 051049 053051 050049 052052 054048 051053 055049 053053 048048 051052 051054 053048 050055 053052 046050 049046
i251, 048052 048053 048052 050048 054055 047046 046051 048048 046050 048048 051055 051048 049049 052053 050050 052052 049055 051048 054054 049055 054046 053049 052052 053046 054052 049049 050054 049053 054055 055052 049052 047047 047047 053053 046052 054053 051050 055054 050046 054048 049048 048046 052054 052052 055054 046046 049047 047051 050049 051051 046054 055050 052051 046046 048054 047052 052053 046054 055047 055054 049048 048053 054054 051052 052052 053051 054054 050046 049053 048049 052053 047051 046052 052048 053055 054048 049048 047049 049052 055046 048046 054052 052049 047049 050053 054053 055047 050052 048048 050053 048052 054046 048052 046055 051053 046049 055055 053055 046052 049051
i759, 052050 049049 049048 049047 055051 050049 055049 049050 047050 046049 051051 054050 049046 053048 055051 051052 047055 052048 051049 053050 049048 046054 054047 053047 051052 051051 054050 053047 054051 046047 052052 049048 048053 054051 050049 054054 046052 047055 050050 049053 055054 052046 047054 052052 053049 046046 049046 046047 046050 051053 055046 047053 048051 050054 054051 049052 052053 046049 049051 049047 047046 048048 053052 051052 048054 047047 046046 053053 046050 052051 053053 047051 053054 048054 053049 049049 053054 054049 046046 054052 054047 053051 052053 049051 050051 051047 050050 053052 048051 051050 049055 050049 051051 046053 052051 048051 053054 047052 047046 049051
i530, 050051 053046 048050 047047 053051 048046 055049 052054 054055 048048 051051 046047 046054 055054 050053 052052 052049 048049 054054 054051 047053 048047 048048 048048 048047 050048 054046 049050 046052 048054 052050 053050 048048 048053 047050 053054 046047 055055 050046 049050 054053 048046 051046 053055 055054 054051 050050 047053 051050 050051 046046 054046 047048 054055 052051 046049 052046 048047 047051 055047 047046 049048 048049 051049 049049 046047 051053 049046 052054 051050 055046 047051 046049 047046 049049 048049 051046 054049 049051 048051 053052 053050 055050 047047 051047 048054 055050 052047 048048 051054 049055 052048 048048 055048 052054 048048 054048 052054 046054 047049
i730, 050055 053046 049048 047047 055054 052050 049049 047051 047053 051046 051051 051046 047046 052053 053050 050052 047047 048052 054054 050048 048048 054048 047052 049050 054051 049047 053048 055049 049047 055047 050051 047047 053046 053049 052047 047051 046050 054052 050049 049048 049049 048052 053048 046055 055050 046046 054050 047047 051050 050052 050046 055049 055047 053054 046048 053052 048049 046050 055051 054048 047046 048052 054054 051054 054050 048054 046047 051051 055047 052052 055048 047051 055046 051053 054051 055047 048047 052055 049046 048049 051051 047053 054052 053047 050049 051054 047047 052052 048048 051046 049054 054051 048048 051046 051054 048048 054054 053052 052052 052049
i123, 054053 046054 055048 055055 055051 052052 050047 051049 050054 048046 055048 047047 049047 051054 050053 052052 051046 051051 051054 050053 055054 052048 052052 048047 049051 052049 055050 047049 055046 047055 048050 048047 052050 051048 055046 050050 046054 052052 054048 054054 054054 048050 050053 046046 052047 054046 049054 046047 055051 055051 055046 052051 053052 047054 047052 048049 051047 047054 051051 051051 049049 048049 054054 052047 048048 051046 055054 053053 055054 050046 052048 051050 055053 047051 053051 047055 055047 055052 046051 048054 052048 052052 050050 049051 051049 047055 047055 054052 048048 051050 051048 048053 051052 055051 054048 048053 055054 054053 046049 051049
i444, 055050 046048 049052 055053 051050 048054 051049 055052 054053 047046 048051 047051 047047 046055 050051 046054 047049 047051 051054 049050 049054 048046 054052 050046 050049 053049 054047 053049 052048 048047 052048 047047 054053 047051 046046 050050 051052 050054 050050 046051 054054 055048 047048 052050 049046 054050 050053 047049 051046 050051 047055 053053 048048 047053 052052 052049 053053 047046 052051 054055 052049 048049 049055 051047 048048 055053 053055 051046 055047 048050 052050 052051 046046 048051 053046 049047 047048 053049 050051 054054 054047 053053 051052 049049 050050 048055 050047 054052 048046 053055 055049 050055 047052 051051 051047 049051 055047 053049 047048 046055
i245, 052047 046053 049049 052055 046055 046049 055051 051050 047055 048049 054046 047051 049054 055053 053052 052052 051047 051051 054053 051050 054054 049051 048047 047048 054049 054050 055055 049049 047052 050054 052054 047047 049052 051052 047052 050054 047050 055052 048055 053054 051047 055048 047047 046048 055048 054046 047049 049049 050054 051052 047046 049052 054051 053051 050048 054047 052048 054052 047046 054054 048052 048048 054053 047046 046048 054050 054049 053051 054053 051051 046053 051052 055049 052052 052053 049047 053047 047051 049046 048054 047048 046050 050050 050053 050051 047051 050055 046047 049048 049051 053048 053048 052048 047046 051053 048048 055054 053053 051052 054049
i555, 055052 052050 055047 055055 054055 046053 049051 050050 046053 051051 051048 053047 052046 052053 051053 046053 055053 048046 051054 049050 053055 049046 048052 046051 047054 052052 054046 046055 048052 055054 055048 049047 046053 054051 047052 050053 054046 054054 052054 051050 047051 049050 052047 055046 055055 046054 053053 053047 047050 051050 055046 050053 047054 054047 052052 054048 046053 052047 052052 048054 053048 053046 051051 052047 054049 047048 055048 046050 049049 051048 055048 049052 054052 048052 047054 053051 055055 052055 053053 054054 047052 054050 053049 046049 048046 048054 046050 049047 048053 055055 051047 054053 048049 048046 046051 053053 051054 046052 046046 050049
i448, 046051 052050 046046 048047 055047 047052 055046 052051 046053 046048 051047 048055 048046 051049 050053 052054 053055 051046 054053 051050 046051 053053 047053 051053 054048 049051 051050 050049 054046 048055 051053 054048 046048 053051 052049 051051 046046 050054 046050 053054 049054 052048 054053 049052 052055 054046 053047 046047 051046 051051 049055 052050 051051 050054 050052 048054 052046 055050 046055 049049 049046 054048 052052 051047 049053 055046 046046 053051 052051 054054 055052 054049 047047 048051 046051 047051 050053 052054 046047 046052 047051 054053 049052 053047 049049 047047 050050 048052 048048 050051 049049 048053 055055 046048 054051 054051 055055 052053 054054 051055
i131, 055050 050049 047049 050048 051054 052053 054048 048051 046046 046048 054053 047048 046046 046053 050053 052048 049047 047049 054050 051049 054048 053048 052052 047047 049054 051048 050054 048046 049047 054052 049052 052053 050047 046053 048046 050053 053047 054054 050049 054053 047054 047049 053053 052046 049046 054046 050050 046047 051046 050051 055047 049054 049048 054046 052052 054053 053049 055046 046051 054048 046048 048048 049055 051047 049050 054047 046046 051050 048052 055052 055050 053054 047046 053048 052049 053053 053053 049054 047049 054046 049051 053053 049053 049050 051051 053047 047047 050053 051048 049051 048051 048050 051048 046050 049049 048048 047055 055046 054054 047049
i803, 046055 053046 048050 049055 046046 052050 046055 051050 049054 047048 050051 046054 054046 054053 051050 048051 052055 048051 054051 049051 053054 053048 053052 048046 049049 049054 050047 053052 055047 052054 047048 055054 052048 050051 052052 049050 046050 054055 055050 052051 054047 050050 047046 052051 053055 052054 046053 054049 050047 051050 055051 049053 048052 052047 052051 052049 046054 047053 051047 052046 055055 055048 047054 051051 049055 046051 049053 050051 048047 048048 047048 051047 046049 048046 049052 052049 047048 052049 054046 054052 053051 047053 051049 053046 053051 047053 050050 052046 054054 047053 048055 046053 052048 055048 051051 051050 050052 046052 053051 051049
i254, 055052 053048 046046 055049 049048 052052 055051 051052 046055 051053 052048 054048 047046 046052 050050 054052 046047 051052 049054 050055 046050 052053 054052 047049 054048 049048 050050 055048 046048 050048 051049 047048 053047 053047 055047 052050 046046 052046 051055 048054 046054 052047 052047 046046 055054 054046 049054 051053 050047 050051 055051 051050 048047 047053 052048 048054 053053 049046 049051 055055 053046 049048 055052 052048 054048 048048 046046 046051 048054 048055 055047 054055 049048 052047 050054 047046 050048 047052 049046 054046 052051 048052 047055 047047 055046 054055 050050 053046 048048 055046 055048 055053 051052 048055 054051 048048 054051 055049 052046 051049
i382, 050051 048048 049049 055054 055047 052048 055047 048051 055053 046048 047052 046047 048046 054053 052050 055048 055047 048050 054054 051049 049049 048048 048053 053046 050054 054052 051053 049049 047054 050052 049052 047048 048046 051049 049055 050050 053051 055055 050050 050048 049048 047052 052049 052050 050053 046047 053046 049053 046050 051053 055055 055050 048054 047053 046050 049052 052052 052052 049046 049055 046051 046051 047051 051048 048051 047048 047047 050050 052047 050051 052055 050055 055046 052051 051051 049054 050053 054055 051053 054055 051052 053051 052054 047047 046051 053055 047047 052052 050054 050051 054054 053052 054051 054055 049048 049049 054055 055053 051054 049051
i180, 051046 053048 046046 050049 047055 052048 050050 050048 054055 047046 051054 051047 054046 054054 051051 052052 055052 052046 054051 051054 049054 046048 052047 049053 049054 050052 050054 049046 052049 055052 050047 047053 054050 051054 047047 053054 052047 054054 050046 046048 053047 053048 046052 046046 054055 046054 050050 051053 048050 050051 047055 054048 055055 053053 048052 049049 053046 055048 046047 054048 049052 052048 052054 048051 050050 049048 046047 049053 047048 051051 053053 049047 046046 052052 048049 049049 047054 051051 046053 046055 046051 053053 051049 053051 047046 054054 050047 052046 053048 052051 046049 046054 053052 046051 052053 050046 046050 053054 052048 050052
i125, 050051 053051 049050 050053 054051 051053 049049 051051 046047 048054 052054 046046 054054 052049 046053 048052 049055 048051 049054 053046 046054 048053 052052 050047 055051 047047 051054 049050 054049 055048 048048 053048 049049 047049 049047 054054 050046 047053 049050 053048 051055 055052 047047 046054 052055 051046 048053 049046 048052 051050 055048 049054 046051 054049 046052 052047 046053 048054 055051 048055 046046 052047 046054 052051 055052 051046 055048 050051 051049 047053 053052 051055 055046 046046 049049 048055 051046 054049 049047 052049 051053 052051 053051 049049 051047 055051 055050 049050 048051 053051 048055 048054 047053 051051 054052 052049 055047 046049 054054 047048
i451, 049052 050049 048046 052052 055051 051051 049054 052051 048050 047051 050054 047046 046054 052053 053048 052052 050055 048046 051049 053050 048055 048048 048054 053054 047054 052052 050054 046046 054050 049048 047049 049047 048048 051055 052049 054050 050047 050054 050048 046053 054053 053046 047047 052055 055048 054050 053053 049051 054050 052053 047046 050052 052051 053047 052050 054052 048052 050054 051051 051051 052047 049055 049054 050048 049050 054054 046055 046046 054052 052048 052046 054051 049052 046048 049049 049049 048047 052051 053049 054054 053046 051053 051054 051048 051048 054055 047047 055052 048048 049051 055048 050047 051052 048046 051047 048054 054054 047053 047054 054055
i615, 055053 052051 050046 047047 046048 052046 055048 050048 054054 047048 051051 046054 054051 055048 053053 052052 048053 047046 054054 054053 054051 048048 047047 049046 048049 050047 048047 046050 055052 055055 052049 049055 055047 047051 049050 054048 050052 055055 054049 046053 048054 047048 048054 052049 050055 046046 053053 046046 050050 047055 055051 052053 049055 046051 052052 049054 046053 052048 053046 053049 049048 048046 054051 052051 051052 051046 046046 046051 052055 055052 050055 054054 046052 052048 049049 049049 053048 052047 046054 048046 051046 047046 051048 047053 047049 048047 051051 052047 048048 051051 049052 049053 051055 055053 053053 050050 054054 052052 049053 049047
i394, 050047 049053 048046 050054 053055 055052 048049 051054 053054 046049 051051 048054 046049 048046 053053 050051 047049 049052 054054 049051 051048 048048 047052 048052 051047 048048 050053 055050 054047 054054 054053 048053 049052 047053 048052 053050 047046 047054 049046 053053 049055 046052 052052 050050 049046 050046 050054 051053 052047 050046 055050 052050 046052 054051 052052 047050 047046 055055 052053 051055 052054 047049 053052 054051 048048 047047 048046 051046 052054 051048 048046 054051 052049 046048 051049 050049 050048 055054 053051 054049 051046 054055 052049 047048 051053 051047 050047 052046 048048 047049 048051 053049 051049 053055 051055 048048 054055 053049 046046 047049
i561, 055051 051048 050049 047047 055050 046052 055055 051051 047046 054047 046051 054047 054055 054052 053053 052047 049055 051050 054054 046046 051051 048053 048047 046047 047054 048048 047052 053053 049052 052055 054050 049051 054047 053046 054048 050053 055047 052055 050050 050053 055052 050050 047053 052046 046055 046048 054048 052053 051050 051051 050055 050049 048051 047047 052051 054048 054052 052047 047051 046046 052046 048052 054052 052048 052047 047047 053054 050053 052053 055052 050055 049049 052055 051048 049049 049048 055048 047054 046053 049048 051054 053052 054055 047055 051048 051055 050051 054050 048048 046053 048051 050048 055048 050051 052047 049049 054047 055052 052054 051047
i2, 048051 053050 047047 055054 051054 053053 055048 054052 054050 047046 053052 051051 050047 054052 054050 046051 047047 049050 052054 050055 051053 048053 052052 049055 049050 047048 051053 050049 047055 051047 052051 048047 048047 049051 046053 053054 052052 055052 050054 053046 049055 048048 048048 046052 054050 050054 053051 055051 046049 052049 049055 050053 053048 046048 054051 054049 053046 055048 051055 054048 048048 049048 052054 051051 052048 047054 046046 053051 052054 052051 052055 051049 049046 048046 047049 051055 048054 054047 054054 055053 053046 054050 049050 053050 051047 055048 050055 046055 049048 053054 048049 047053 053051 047046 053052 048049 055054 054052 054050 047054
i435, 050046 053050 048046 048047 055054 052052 055049 051054 050054 048048 046049 051054 049055 053054 050054 055052 055055 049052 050054 053051 050048 053051 048048 048053 049052 048047 054050 049047 047054 054048 055054 047047 050054 047055 047048 048047 054049 052055 054052 047051 054054 054046 047052 046051 053055 054046 050053 052051 050046 051051 049055 052049 051054 046051 052055 048050 051046 046046 049051 049049 049046 048048 051054 051048 052055 055048 054046 046050 053048 055048 055055 053051 046046 048048 054049 055049 054048 054054 046046 049054 051049 050052 051051 047050 050051 054048 050050 055052 048050 051050 049054 053053 055055 049046 054046 048052 053055 052055 051054 053049
i256, 051050 050048 046046 047054 046051 050048 052046 052049 049052 048048 048051 052046 049046 046055 050053 048053 047047 048048 051054 049055 046053 048048 047047 050049 049049 054050 051047 050050 049050 055047 048048 047047 047047 051048 046047 050053 051046 055054 055055 051053 051053 048048 047047 046046 054050 046050 053050 046053 047050 052051 055055 049049 051048 055055 050046 050054 046047 046047 048050 055046 049046 048048 051055 051051 049048 054046 050047 046051 052049 055046 050047 053049 055054 052051 054046 049049 047054 047048 051053 046054 051051 051053 047051 053049 054054 055047 054050 053055 048049 055051 054049 053048 048055 051054 051049 049054 054055 053053 051052 054046
i177, 047050 048046 048046 055047 046051 050052 055047 049051 053049 053048 055051 051047 054054 053054 052052 052053 055047 048050 054054 054054 046048 053050 048047 050047 051051 054052 054051 047046 048047 046055 047052 055053 046047 047051 047049 052054 050053 055047 046050 046054 055053 048049 052047 050046 048055 051046 053050 046049 050049 052053 050050 050050 055048 050054 048052 048051 053053 050047 046055 055055 047049 052047 051054 049047 048054 048054 053055 050046 052046 055055 052046 053051 046049 054046 049054 050047 055054 054052 051046 049054 046051 051046 049054 053053 050049 047053 051050 054048 048048 051050 048055 054053 051055 055055 053049 050052 047054 049053 046054 051054
i509, 050047 050052 049048 055054 051050 051046 049048 050051 047050 048053 051051 051048 046049 052054 050053 055046 047052 049046 050054 050054 049053 048048 053053 051046 055051 049049 054050 046050 048052 047054 048055 048053 046049 051047 052052 046050 046050 047054 055050 046053 049055 054053 052048 052052 046055 046046 055050 047053 047054 053055 047055 048052 055051 054047 051048 054048 052051 046047 049053 053046 055049 053047 054049 047046 048049 048054 054055 050046 055055 052052 051047 054047 054052 048047 055049 054054 054048 054047 051049 054054 051051 047051 054052 049053 049046 051054 050050 049050 054048 051051 049048 048047 048048 051051 049047 050054 054054 046053 047055 051051
i21, 046053 048050 047048 052048 051051 050046 049049 054051 052050 046048 051051 047046 049052 053054 053046 054052 048049 046050 055054 053049 054053 048048 047048 047046 054051 052050 054051 048049 052046 055050 048054 047049 052048 051047 052052 050050 047050 054054 046050 046054 054051 055048 052052 050046 054055 054050 046050 051049 047047 051050 046046 052051 046052 055046 054050 053051 052046 054046 051055 049052 046046 049048 054049 054048 052054 055048 054051 050053 047051 055051 046054 054053 048047 055048 049055 050052 047048 052054 049047 048054 051046 052050 055049 053047 050049 054046 047051 052053 048048 053051 049051 046048 054051 048051 046048 050046 055054 053053 051047 046047
i339, 053055 048046 046046 055050 053051 047047 051054 051048 047053 046051 048054 052051 054052 054051 053050 046052 047047 047048 051049 054055 049053 053048 052052 046053 049047 052051 050050 055047 049054 055054 049048 047048 049048 052053 052048 053050 055053 054047 054055 053050 048055 050052 049047 052046 049050 050053 050048 053051 050046 055050 046051 053053 054052 054053 052052 047052 046054 046046 049046 054048 050047 047046 054052 054051 047049 054054 046054 050047 050052 052055 052053 054051 054046 051048 049046 047055 053054 051047 053054 055054 048051 053053 054052 051053 054049 048046 051050 052055 047048 050051 048049 049053 048048 047053 053054 053050 054054 055055 054054 054051
i7, 051050 048052 049046 055048 051054 048055 050049 051052 049053 055047 055051 047054 049046 054051 053052 055052 055055 054051 054050 051055 046046 051048 048052 047051 054049 054052 047054 047050 053048 055055 049048 049053 046055 050051 049048 053053 046048 055047 050050 051053 047047 049046 052047 046049 055055 051046 055055 047053 050046 050051 055055 048051 052051 054047 052052 054052 053052 047055 053051 049053 049054 049047 052054 054051 054047 053055 055053 050051 048055 052048 052050 051051 046049 048052 055050 049054 048047 054047 046049 054048 052053 050047 053054 053051 051048 047055 047050 052046 048051 051052 052049 047047 048052 055047 052048 050053 054047 053055 047054 051046
i474, 046047 048052 048048 052047 051052 053055 047048 052054 046054 052047 051048 047049 052047 046054 053051 052052 051047 049048 054054 053051 054054 048054 047048 049048 051054 049048 048050 055049 046050 055055 054055 047054 046055 051052 047047 050050 053047 055054 054048 049046 053054 054050 052053 046046 055054 046054 050050 047049 050049 047052 047046 049054 048055 052052 052052 052048 054054 048047 050053 049048 046055 052050 054054 051051 049050 047048 054046 051050 052052 050052 046049 051054 049046 052048 049049 049048 047055 047055 053054 055054 052046 046055 050051 049049 048051 047046 050047 052052 048053 053050 054054 048050 048054 046046 054052 054048 047055 049053 054054 055051
