Gen0
l21
l95
l18
l66
l90
l76
l2
l93
l71
l82
l49
l91
l80
l97
l99
l12
l74
l55
l60
l96
l36
l59
l0
l79
l1
l56
l86
l19
l43
l58
l81
l7
l45
l29
l17
l38
l16
l53
l64
l41
l83
l98
l63
l42
l47
l84
l62
l35
l72
l32
l9
l5
l61
l69
l33
l39
l31
l44
l75
l3
l34
l14
l37
l85
l30
l13
l78
l50
l70
l20
l10
l89
l68
l8
l27
l48
l28
l65
l25
l73
l77
l92
l57
l24
l54
l11
l6
l26
l87
l23
l4
l22
l88
l67
l51
l52
l15
l46
l40
l94
Pop
i482, 047055 047054 053048 053046 054052 051047 050050 055048 050050 049053 050053 048053 051046 051049 052053 049055 052047 049055 051054 052052 046050 053048 050055 046053 052055 050049 053054 046055 049055 055047 055050 053055 047046 046048 048054 050047 051051 046051 047050 046053 047055 049050 055051 047047 052051 053047 047046 054055 054048 051049 054048 055046 051047 048055 053051 051051 047047 051051 054052 048050 055046 050050 048048 047049 054048 046053 053055 050050 054054 052052 053048 049048 054047 049049 049053 055046 046054 046047 048050 054048 053052 055055 051049 048052 052047 049049 051053 051053 046051 047050 052052 054050 052048 048046 046050 050054 050055 052052 051050 053049
i67, 054055 046053 048047 046051 046054 053047 050054 055052 052052 046049 047049 048047 046051 047047 052048 051053 046052 047055 047054 055051 053047 053051 052054 052046 055050 046046 054046 051046 046046 052047 050055 046047 049054 046046 050050 051047 054047 049046 050050 049049 047047 054048 055047 050050 049049 051051 053048 054053 055054 049049 054048 049054 051047 048051 048047 048048 047047 050051 051052 052046 050049 049050 049051 049054 046046 052051 050055 055047 050047 047053 049053 048048 048048 052054 055048 051055 054052 052053 053048 049054 049052 055054 048052 046052 048055 048049 047051 055048 052051 050050 052046 054052 054052 048054 050052 052053 049047 052055 048050 047050
i211, 054055 047055 048051 046054 054047 051050 055048 049048 052049 049050 046047 048048 046046 052049 053053 051049 047049 050055 051051 048055 052046 051051 052055 052046 053048 047046 053053 048046 046049 051046 050050 051051 047052 053048 047050 046049 050050 048046 049054 052053 055047 049046 053053 047050 049052 048050 048053 051054 046054 047049 048052 046054 053049 054050 050054 048051 047047 050048 052046 048048 047046 049050 052049 046046 052052 051055 053054 055052 055055 048049 054050 051049 055050 047052 055054 049055 054051 052052 048053 054052 054046 055055 055050 050046 050055 055049 049053 055049 051046 053050 054046 049054 055051 052052 052051 052053 051049 055052 052048 049047
i163, 055055 052054 055053 050046 047054 046053 050050 050048 051052 050054 050047 050048 047053 055047 055055 051051 052053 055054 053047 046052 050055 052053 051052 046052 054049 046046 046046 046046 052048 048055 055050 046055 046046 048055 052050 046052 051054 055046 053054 051047 050055 055055 046052 049047 055050 054048 052053 046054 055055 051049 048050 054054 053047 055053 053052 053048 049054 051050 052050 049048 051055 050053 047048 047047 046046 052046 047055 050052 050055 052052 052048 051048 048050 052051 050053 051046 053047 052052 046055 050051 048053 053055 051050 048054 055050 049049 046047 048048 051048 050047 046050 054049 049048 052047 052048 052052 053053 053047 054048 046046
i102, 047047 047055 048051 050054 048047 047047 046054 053046 052052 051046 047048 049052 047051 055055 054047 051055 047053 050048 047049 047046 050051 046047 046051 052052 049049 052049 050053 046047 052050 049048 046055 050052 046049 055055 047048 047047 050054 048052 050053 053053 051047 054046 046046 047054 051052 053050 053049 051054 054054 052050 053050 055054 054047 055055 047053 048051 049049 047050 046052 052048 055047 050055 046051 052046 048047 046051 050046 048050 052055 049053 052053 050053 048054 052048 048055 046054 049055 047054 053046 054054 053050 051049 053055 050050 055047 052047 052049 048048 051053 053055 046055 048050 048048 054051 051051 048053 053053 052053 051051 049049
i113, 051054 055053 048051 046051 046047 049053 050050 052047 052052 054049 051046 052048 046046 047054 046054 051053 047046 050050 051054 052054 053054 055051 051055 051054 048047 046054 053055 048046 049049 055052 050050 049055 052048 048049 054054 051049 054048 051052 050049 047049 047050 048049 055052 050052 055048 053055 053048 051049 054054 046050 046053 053054 048051 053053 053051 053048 049049 050055 052051 054050 053051 054046 054055 046047 055046 046052 054055 046050 055054 048048 050049 053051 055050 052049 047046 055051 049054 053052 048046 054047 048051 053048 047051 049048 050050 051048 047053 051051 050052 052055 054050 054049 048051 048048 048050 048052 049053 051053 048048 051047
i398, 054054 054047 052048 046046 048053 050047 055054 054048 052052 049050 054053 055046 049047 049055 052052 055048 048051 047054 049054 048047 049047 051049 051046 048051 048049 052054 051055 046053 052049 051051 050048 055055 052050 055052 050049 046049 047054 048049 050053 053051 050047 051053 046051 047052 055048 048053 054048 051051 054046 048048 050054 055050 051051 055050 051047 051050 047047 049050 051054 048048 049050 050053 049051 049047 048046 046046 053046 050054 046050 055047 048048 053055 048049 054047 053046 055054 046055 054054 046050 047046 049055 055050 052049 048049 046047 047049 047051 048051 054050 050054 054052 048049 049048 051054 052048 053053 049048 053051 055050 047048
i584, 055051 047054 047051 048051 052050 047049 050055 055055 055047 050049 049049 053048 051054 047049 050052 055048 046050 054048 049046 052055 053047 053053 046051 053055 055055 054046 054054 046051 051052 049053 055048 053055 047050 052046 051054 047049 053054 046055 053054 055050 055050 053055 051050 054050 048054 052052 053049 051052 047054 046049 054054 046055 047051 055049 048048 051053 047049 054047 051047 048053 049048 049055 047053 054046 046047 053051 048049 052050 047050 053052 048048 046050 049054 055055 048053 051054 048055 052052 046054 046055 055052 051049 049047 046046 054048 055049 050052 050049 051051 050055 050049 048052 048053 046054 052050 052054 053051 051052 051050 047046
i195, 047053 052055 053053 046055 047055 051047 055050 048055 055051 046050 049047 053055 046047 048046 046053 048049 051047 047052 055051 046055 052052 051051 051053 052048 049055 047052 053048 051049 055050 048049 055050 053051 046049 054047 050046 047049 051054 046046 054049 051048 049055 049055 052046 054048 055054 048047 053052 049053 054055 048046 054054 053052 053054 055048 050053 051051 054047 054052 052052 055054 051055 053054 049054 047049 047046 046046 049055 049050 054054 046052 055048 048048 053054 049048 051046 055051 047055 052052 046048 054048 053052 052053 055055 052046 050052 051052 049054 051051 050053 051054 052055 054049 048046 054054 050050 048048 052053 053055 051051 046046
i658, 055047 047046 053048 054048 051047 050051 054050 049053 052052 046053 046050 055052 048052 055055 054054 051051 050051 048046 049054 055055 047052 053046 052055 047046 049046 054054 046046 048046 046054 046051 052050 054054 046049 048054 047047 047046 050047 048046 050047 048051 050046 054046 052051 054054 052052 054052 052053 050049 046046 053048 054054 053055 049049 048049 053052 048048 049047 052053 048050 050048 053053 055050 048050 055047 049054 054049 047053 046055 047047 052052 048049 053048 049048 054052 048055 055054 047049 053052 048054 046054 053049 055051 047051 047047 055046 049055 053051 048051 046051 047050 052052 046049 053054 054051 051052 048052 049055 051051 050048 047047
i13, 051055 055055 054051 053046 052051 049050 054055 049047 051052 050048 054053 051048 047047 054054 052052 051051 048052 048054 051053 052046 052049 051053 046046 055055 048054 052050 048053 046048 055046 049051 050047 050050 051047 051049 050050 052052 053050 048048 047051 053050 050049 046048 046052 047047 050050 053055 053054 051048 046055 046050 052052 046050 047047 047049 050053 053048 049047 047050 046046 048055 055051 053050 049048 049046 046047 046047 046048 052046 052050 052052 046048 051051 055053 052054 055048 046049 048047 046052 050046 054052 055055 050053 051046 051048 051047 046049 051046 048051 049052 050052 052048 054054 053052 052054 050051 049053 053050 051053 048051 050048
i554, 053046 046055 054053 046055 055047 050053 048048 048054 048052 051049 049047 054055 046046 048054 055052 053048 052053 046053 047047 051055 049049 051048 053052 048048 053053 048046 053053 048048 052051 050052 050048 051051 049046 055053 053050 047046 051050 053048 047049 052052 050050 048053 052053 047050 050047 048048 053053 054052 054046 051049 049051 046054 048053 055049 053053 048048 047047 047047 052052 050054 051050 050046 051048 049055 047046 052046 055054 052052 047046 052052 048051 053048 048050 051054 055047 054049 047053 052052 053046 047054 053050 053055 051047 047046 050047 048051 046046 049050 050050 050050 047048 055049 048052 054054 052052 048053 053047 052047 048050 047046
i480, 055055 047046 051053 053046 047046 053047 050050 050053 049052 046049 047051 049052 055052 047047 050052 051053 046051 048046 054053 055048 052052 051053 052046 048050 055048 052050 053051 048053 052048 047049 048046 046053 046050 053054 046053 052049 047049 054051 049050 053055 050047 049048 046051 052047 049050 048048 048053 049053 054054 050049 054054 048053 049053 048047 052053 051048 051047 050047 054052 055055 051051 046053 048055 054049 046046 046050 047055 055047 055047 055052 050048 053048 053054 052054 048053 052050 053049 053049 053050 054047 049052 055049 047055 052055 050050 050047 046050 055051 050051 050052 047052 054050 051052 048048 051052 052052 050053 053047 050048 053047
i484, 050055 047054 047048 053051 053046 048050 054050 047047 055052 046049 051054 047053 053046 049047 054052 049055 046050 050054 047054 055047 053047 051051 052055 055051 055050 052051 055048 046049 046050 050055 050051 049053 048046 055047 047054 054051 051054 055048 053050 052055 047055 046048 052055 047048 052054 051051 053052 050051 046046 051049 050055 050055 047049 055051 052047 048047 047054 049048 054052 046055 053048 050049 049052 049046 047048 055049 055047 050047 050054 052052 048048 049048 049054 052054 047055 054051 047047 047052 050050 048054 052047 050055 055051 047047 054047 051055 050053 051055 046046 055053 052052 050048 052053 048051 050050 054053 048052 052048 049048 054055
i85, 055055 047053 051052 054046 046054 051049 055054 048049 052052 051050 053047 052052 047047 049049 052052 051049 047047 055052 051050 052048 050047 052053 055055 052046 048048 047053 055055 049050 049049 055055 053055 051055 052054 047048 051050 046052 055047 048055 055050 055049 047047 046046 055053 051048 052054 051054 049053 054051 054046 048055 047054 054054 048049 049053 047053 051050 055048 048052 052046 048048 051049 050050 050051 048047 047048 053050 055047 055055 050054 052052 053053 053049 054054 047051 055054 046055 054052 049047 048053 054050 046055 047047 052053 052048 054055 049050 047046 048055 053050 047050 050052 054054 053048 054048 050052 050052 051050 053051 055051 052046
i396, 055055 055051 051051 050054 048048 049050 050054 048047 052051 050051 048051 048049 046046 054047 048052 051048 046051 054055 049053 046055 047051 046053 052051 046052 048050 046054 051053 053048 055052 055055 050055 049046 047046 048049 046052 049048 051051 055055 049050 053055 047050 046048 055052 048047 048049 052054 047053 051055 054046 055053 050050 054055 047053 049047 053053 047053 047047 047047 052046 055055 051051 047051 054054 048047 046049 046053 055055 048051 052055 052052 050047 051047 054048 049054 049048 049046 047052 055052 050048 053054 049052 051055 055047 046046 050050 049047 051055 048051 051046 052050 052046 050049 053048 054054 048052 048054 047053 052048 052050 048047
i35, 055050 046054 047051 050046 047047 050049 050054 049052 052051 050049 052049 053053 046047 048055 053046 051054 052046 048055 055051 055047 052051 053049 050047 047048 054047 050052 055053 046049 046055 055052 053051 055053 049046 055052 051053 051046 051054 046053 050054 053053 055047 049046 055055 050047 054048 053053 052053 049053 052054 051050 047054 054054 053054 047053 053053 053055 047047 051050 046052 048048 046052 053046 054048 047049 047048 051046 055047 052046 055046 049049 053048 048048 053050 054048 051053 054051 051051 052054 047046 052054 053046 049051 047055 052047 054050 049049 048046 051049 049046 053047 052046 049054 048052 054054 048050 053053 051055 053053 048052 047047
i695, 047054 055047 051047 050046 047050 050047 047050 055055 052054 050049 047049 052055 046046 046047 052052 053049 053051 055055 053054 048055 047051 048053 052055 052052 054046 054046 055050 046055 050049 048048 050046 055052 052054 054048 054050 047047 054052 046048 047049 053054 047055 055055 046049 047052 052054 048049 053053 049054 054052 046046 054047 054054 047054 049053 051053 048053 047047 053051 055052 054048 055050 046050 049048 049047 048046 050052 054052 050055 054047 047047 048053 051055 048049 048054 048046 046052 046047 052052 053046 054054 049049 047049 048051 047048 050050 049049 047053 048051 055053 050047 046052 050049 048052 054050 050051 053050 053053 052046 048051 046047
i704, 054049 055047 053051 046046 047052 051049 050050 055047 047052 054050 047051 053052 049047 054048 051052 048053 047051 054055 053053 054054 051049 053055 053055 047053 050055 054046 053048 053048 050055 053052 055050 050049 050047 049048 047054 051047 051051 053052 049047 053052 051055 049055 052051 051050 051052 048050 053048 051053 054054 046050 051048 053054 049051 053053 053053 051051 047047 052049 051052 054048 046050 053055 051053 046046 053046 046052 052055 052050 046047 054052 048050 050055 048050 054049 055053 055046 051047 054046 046053 054048 053055 051050 051055 048047 050050 051055 052051 055055 051046 053050 052046 053054 051053 054051 053050 048052 055052 051052 048049 047046
i432, 049049 048047 051052 055054 048050 047052 055054 050055 050055 050049 048053 048055 051050 048047 051052 051055 047052 048054 050049 048055 053049 051051 055052 046048 046055 054046 052055 046055 049055 054050 053054 050053 047049 052048 054054 048052 051051 052051 054054 053053 047055 046055 052051 047047 054054 053054 053052 050047 046046 048051 046054 046054 047053 049055 047051 053048 047049 050050 052046 054048 050050 050053 046054 046052 053052 053049 047047 055048 054050 047052 052047 049055 055046 053049 054055 054046 047047 052052 050048 052054 049053 055053 049055 049048 047055 050049 053049 049048 051051 052050 050052 049049 048053 054054 052050 052050 047050 050055 050048 047052
i431, 055046 054055 051051 050046 047049 053054 050050 047048 052048 054046 054049 048052 051051 047047 049055 051051 053048 054055 052053 055054 047053 052051 055046 047046 053048 052046 048053 048046 046050 054048 049046 049050 046050 046046 052054 046048 051047 052053 053054 053049 047047 054046 051048 051047 049048 048048 051053 052054 046055 051050 047054 046054 051047 049049 047051 047053 047047 047047 054052 048050 049047 054054 047049 049047 048047 052046 046049 050050 054054 048047 055048 053055 051053 048049 046047 046055 052046 053054 050050 054048 053055 050048 051052 048049 054048 050049 054053 055051 046055 050054 047052 048046 054053 054051 050052 053053 047052 053052 048048 048049
i733, 050055 053054 048053 050053 047052 050049 053054 054048 052050 050049 054054 048052 053046 048055 052052 055048 047046 049050 051054 052052 047053 046053 047055 053049 055054 054046 046053 046046 052049 052055 053050 049055 054054 046048 051054 047049 050048 049048 049050 053053 047055 049048 052055 047047 055051 053046 052052 049053 048055 048048 051050 055054 051048 053055 047053 048053 047049 051047 050055 054050 046052 055047 048048 046046 047046 055054 047049 050055 054046 052047 048048 051048 054048 052055 055048 055049 052052 052052 047048 054048 052052 055050 055051 052050 052050 049050 054053 049048 052046 050055 046047 049048 053052 054054 052048 048055 049049 051046 048048 047050
i286, 055055 053047 049051 048046 047047 050047 055050 055047 055051 049051 055054 053048 051047 047050 048052 053049 051053 048049 051051 046054 053051 047046 046046 055051 055055 050052 053053 053046 049055 055052 052055 050050 050046 054049 050046 049047 051050 046055 049050 053053 047050 049055 054046 051048 052049 052052 047047 049049 046054 046049 048046 050054 055046 053053 053050 048048 047047 053048 046051 048055 051050 053054 050049 047046 049047 049055 055047 052049 054050 055049 048050 048053 054049 049054 047054 046052 054047 046052 050051 050055 052055 047053 051048 048048 050050 051049 049053 048051 049050 050051 047052 049054 052052 046054 052052 052055 053053 055050 047050 047047
i337, 050050 055054 055048 050054 053051 048048 055050 052050 052053 051050 050047 053049 047047 048047 051052 051053 047047 055054 047050 052048 051050 052053 051052 053052 054049 054046 046053 049053 052050 047055 047052 055051 047046 053048 054054 047052 054050 054054 050050 049055 047055 049046 046052 047047 051048 054052 053047 053049 054046 046049 050048 055050 049053 053053 047050 053051 047047 050047 051050 054048 046051 054049 052050 046047 047049 049048 053055 052055 054054 052053 053048 050048 054049 049052 051046 055046 052052 052054 050053 050054 054053 053049 055052 052052 054049 049049 053053 047055 055051 055050 046052 050054 054048 048054 052052 050048 048048 046048 048048 055047
i190, 055053 055054 048053 046051 053047 053047 050055 053054 052050 049053 052053 052053 051047 055050 053046 049049 051051 050046 054051 054048 052052 051053 051052 047054 055049 054046 053048 055055 055049 054047 050046 053046 047052 052055 050049 051052 050051 048048 051049 053053 047047 050048 052052 047048 054048 052050 053051 053053 054046 049047 052050 053054 049049 048055 052047 053051 047047 050048 048050 048048 050049 053055 048048 054049 047048 053053 055047 049050 047054 048052 049049 046052 050048 054048 054053 054052 052049 052052 054048 048054 052053 049055 047052 047048 055050 050047 052053 048055 052046 050053 052046 049049 055052 052054 050048 055048 052053 052047 048048 049046
i170, 055051 047047 051052 046054 047053 047051 054050 049047 052055 049054 055048 048052 047051 048054 053052 055055 052053 046054 051047 055048 052052 053046 046046 052055 055046 054046 053051 048049 055050 049053 053049 055050 049046 047054 054050 049047 051050 051051 050051 047053 055055 048048 046055 047050 050051 052053 047053 052052 054048 049051 048050 055052 047051 050055 048053 053051 054047 047053 050046 048054 053050 050055 048052 047046 047046 052046 055055 050050 055054 053052 051048 050055 046054 046052 050053 046050 053047 052047 050046 054048 051052 055051 046055 047048 050050 049047 053047 055050 050053 047046 046054 050054 047053 054054 051050 053053 055052 052053 055051 055049
i303, 054055 053055 051053 048055 046052 048050 055055 047054 052052 049054 053055 046053 047046 046046 046046 051053 046053 050048 051052 047052 049046 052051 051052 048052 049049 052047 053055 048052 046052 055048 050050 050051 049054 046048 047054 049046 052054 053049 051051 053055 047050 055046 049053 047051 049054 053048 052053 047053 046055 048046 049048 046051 054053 053047 050050 051053 049047 050047 054052 052053 055053 054051 048054 054049 046048 046046 047046 055055 054051 046048 050053 055048 048050 052051 051055 052051 054047 052055 046053 049054 051051 048050 055051 051047 047047 055049 046048 048048 046046 052054 052046 050049 049048 054054 048048 053053 050053 050053 048055 047047
i694, 055055 046053 048047 046046 053050 051050 048054 055055 055050 050049 049047 048053 047049 054048 052055 050048 053052 048050 050053 049055 046046 053046 051046 053052 048054 053052 055046 051048 055052 047053 050054 051046 047046 054054 050048 049054 051054 048046 050051 055053 055050 054053 049051 047047 054052 051048 054053 052051 046046 049049 054050 050054 049049 049053 053053 047048 052049 051050 052054 048048 051048 051047 051052 052054 049049 052046 047046 055049 047047 052047 048049 055048 048054 052054 046054 055055 047054 052052 050053 054047 053053 055055 051048 048047 054047 055047 049053 055049 050053 054050 046052 049050 053052 054052 052052 049053 053052 052052 055048 047048
i74, 046055 055047 048053 046046 053048 050049 050055 048048 050052 046049 050051 049048 046052 055049 052055 055051 052054 047054 051046 047046 053050 051053 055055 046053 055055 054046 051053 052053 055051 055055 055049 055046 049053 054050 055054 047046 055051 054048 047050 053053 047050 053053 046051 046047 052051 053051 053053 053052 048054 046048 054046 055055 053046 055050 048048 048053 048048 048047 051050 048050 050050 053050 049053 046047 046046 049046 055055 052055 047055 052053 053053 049053 054055 047054 046054 046055 053054 046054 047050 054054 053053 052055 055051 050046 047050 049055 048052 051051 051053 050055 046052 049049 048054 054048 048051 053053 048049 051051 050049 055047
i155, 051055 055054 047048 046046 053054 050051 055055 053055 051051 053050 053051 048048 047046 047049 051047 049049 052048 050054 051049 055055 049049 053051 046055 048047 055050 052053 053046 046052 050055 055047 050051 055051 047054 050052 047046 048048 051047 055054 050054 053051 047055 054050 046046 055048 054049 048046 053052 055050 046046 048046 048051 054054 049047 048047 048053 052053 047055 049051 049050 054054 052055 054055 052048 054046 051046 050047 054048 050048 054055 052052 053053 046049 053053 055047 048053 049049 047047 053052 048051 052048 053052 055050 052046 046047 050053 049054 046054 050049 053051 054050 047052 049048 051052 054051 052050 052052 051053 048052 048048 048051
i173, 051055 047047 049048 051055 054047 047049 050054 055049 052049 050054 051055 053052 053050 046046 053053 049053 053048 047055 051046 055055 047047 053046 055055 047047 050050 046050 046051 048053 046049 047055 055050 052046 054049 047053 054047 048048 047047 051048 051047 053050 047047 055048 053054 048052 049052 052048 053053 047053 046048 046053 047054 055054 047049 054055 047047 048048 047047 051054 048051 054048 047049 055055 047051 049046 046046 050049 047053 047049 054046 047054 048049 055049 050054 054051 046047 051054 047047 052054 046053 049054 052055 051055 047051 048051 047051 049052 053046 050055 046049 052050 046055 049054 052048 048047 049050 048054 053047 053053 051048 047054
i365, 046055 046054 053051 051048 047051 047047 050047 055055 051055 055054 047053 052048 046046 047049 046050 046055 052047 054047 051053 053048 047051 053048 046053 047047 055047 048054 055053 053046 050049 051051 050052 055055 046050 048048 047050 048048 051051 046048 054050 055054 047050 054055 055048 051050 050054 050046 053048 051053 054048 048050 051049 054047 047051 048055 047051 051048 048049 050047 052050 052048 047053 050050 046047 047049 048048 049046 055055 055047 047054 055047 048048 050051 046054 048049 048054 055049 052054 053052 050046 054052 053049 048053 055051 052047 047047 050048 052052 048051 050050 047052 046046 054054 051048 054050 048050 053053 053049 055055 051048 049049
i700, 049054 055054 054048 054054 052047 047050 048055 054054 052052 053053 053053 052048 047047 048048 053053 049051 047050 054050 054046 054055 055054 046055 055051 048052 053054 046054 053047 048048 048052 055055 053048 049053 054047 053046 049047 048049 054054 046048 054050 053053 050047 049048 051046 048054 052052 051050 048049 054055 054046 048049 048050 050047 053049 055053 048053 048050 052054 051047 047054 048048 047050 050053 047049 047046 046054 046051 049055 050047 054050 046052 049046 048048 054048 054052 047055 055055 052047 047047 050048 052048 055055 049050 051051 047052 047047 051050 052046 055051 052047 055052 052046 054050 051055 048054 050052 053053 055053 051053 051051 055054
i153, 054054 054053 053051 050046 053047 053053 050050 048055 052052 053051 047050 052053 046051 049054 053052 051051 046047 048050 046049 047055 047051 047046 046055 048048 055054 054052 055047 046046 055051 055046 053050 047053 052046 048048 049054 054049 054051 051048 047054 052054 047050 055054 046046 047055 050051 050050 053054 052053 055054 049051 055050 054052 047047 049055 050053 051048 049047 050050 046052 048054 047046 052048 051049 046046 051046 052046 055055 047049 047055 052047 048053 047053 054046 049052 053055 046049 046055 052052 053046 052054 051052 052055 050047 048052 055047 055049 050050 055048 051050 054055 052049 050046 054046 054054 052052 053053 047053 048049 051050 048047
i604, 055054 047047 050053 048046 050053 050053 050055 055055 049052 053050 054053 052053 046050 047049 051052 051055 046053 048054 047054 051047 047050 053048 046055 046048 050055 046054 046053 048046 052052 053048 049049 048055 050049 048054 054050 047046 052051 054055 049050 051053 047049 055046 052055 047047 049054 051053 053052 049047 046054 053048 051054 055054 054048 055053 050048 051055 054047 047050 051046 048050 046048 053052 049052 047046 049047 046053 055055 052055 047047 054053 053053 055050 055053 046052 053054 052051 047054 053046 050050 054046 053055 050053 051055 046050 050055 049049 047050 055051 053050 052053 049052 049049 050049 054051 050052 053052 049052 047047 050051 047047
i578, 051055 055054 051046 046046 050046 047049 054050 055053 050048 055049 051049 053052 047047 055055 055055 051055 052052 048048 047054 055055 052049 053046 055051 052047 055049 054047 054055 049046 046055 048055 050049 051046 054046 055050 055049 047047 052052 048046 053054 053053 047047 048055 050055 048053 054054 052050 053053 055051 055055 048050 050054 054055 049049 049050 048048 048049 049047 054047 052048 048048 051051 055047 050048 046052 050049 051052 049047 047048 051047 054052 048048 051053 048054 049049 047055 046046 051051 052052 046046 054049 046050 054055 046048 046048 050051 054050 053053 051049 053050 050046 053050 054054 051053 048054 048050 052053 052052 051046 048048 049048
i261, 055055 053055 053051 050050 047054 049050 050050 047054 052051 049050 051054 053048 053053 047047 053054 051049 055047 054055 046051 054047 051053 055055 054053 053046 047055 054046 051047 048048 046048 049050 055055 049055 046047 048053 046051 047052 051051 051048 054053 053053 055055 049050 051046 050047 046055 051052 053047 049051 055048 051055 050050 050055 053053 049053 053048 048048 054051 052047 049050 054048 055049 052050 048054 047047 047049 051046 053055 054055 047047 046055 053047 049050 050050 055055 050047 049054 051052 052052 054047 054054 055051 049053 051051 047050 052047 055047 046053 051051 055046 054050 050052 054054 053052 048051 055051 046048 053052 053053 053048 050052
i292, 051054 047047 049051 046046 051048 051047 054048 047055 055048 049049 049049 053048 049047 051048 053052 051050 051048 047054 046053 052054 052055 046055 055055 047046 053046 054052 055053 048046 050055 053047 055048 046049 054046 054049 052052 049055 048050 051052 054047 053055 050047 046049 055046 052050 050051 054049 048046 052052 052054 046048 050048 054054 049047 055048 048047 048048 051047 054055 046052 048047 053053 055050 052046 047047 051046 054052 046055 050050 052046 052053 049049 048048 048048 051051 046048 055047 047053 052052 046050 054054 046051 049055 055047 051048 046050 047049 053049 049055 046051 055055 052048 049054 051048 054051 050048 048055 048054 052046 050048 047054
i806, 055055 047055 051048 046048 054047 053047 055050 047047 050052 050051 047047 054055 046046 054047 055048 055049 052046 047048 049049 055052 046050 051048 051053 048051 055049 046048 055054 046046 049055 055055 053055 055046 050046 051048 047054 046049 052050 052054 052047 052051 047055 054055 052052 047050 052048 052050 046046 051054 047055 049048 047054 048050 053052 055055 048048 051054 047047 054053 051052 054046 051053 049051 054051 049046 046055 046046 055051 052050 050055 053053 053048 055055 049050 054054 046048 046055 052047 052046 046048 049055 049051 051053 051047 050046 046050 048047 053047 049051 047054 054054 052047 048053 048047 048048 053050 053048 048053 051052 051055 054048
i62, 049055 055055 051051 054054 049054 049051 050055 047048 052049 049050 054049 052052 047051 047049 051051 055049 047051 046054 046055 054048 049049 052055 046052 052054 046053 050054 046055 049052 052050 048048 050049 053047 049049 048053 055052 048047 050051 046054 049047 052055 055047 054048 053046 055047 049052 048048 053052 051053 054055 053048 054050 052047 053053 048055 053053 046050 048047 050055 052051 050048 048053 055055 047049 055047 053046 053046 050055 055050 047047 055052 051048 051053 046050 048054 047053 049052 052054 052054 049050 049046 053048 050049 051052 048048 050052 049049 051053 048051 052052 047047 050052 054048 052055 048048 052052 048050 052053 051047 055052 048046
i82, 047054 047053 051053 046046 047053 050048 050054 055049 048050 053049 049046 053049 051046 055050 050052 055049 053052 047050 052054 055048 052047 053053 053052 052048 049049 052046 049049 053055 049052 055053 055047 049055 046047 055055 051046 047050 051052 055054 050046 054053 054047 055046 046052 047050 050047 048052 052052 053054 055054 049049 055053 054054 053049 049055 053048 053050 047054 047050 055055 048048 046053 055052 048049 047047 048046 055046 055047 050048 047052 052052 053048 048048 048050 052049 047053 055051 054047 052052 046050 049047 049046 046055 050055 047051 048050 049054 055049 050051 051046 054055 049052 054049 048053 054052 052052 053047 048048 051048 049050 055047
i804, 054054 046055 051048 055055 047050 048049 050050 055055 050051 050049 047049 052048 051053 046055 052052 053051 051053 054048 047051 048047 051049 053053 055053 048052 046049 053046 046051 046046 049049 051046 051051 050055 046052 048048 049048 049046 051051 051052 049050 055050 050047 054049 052051 047047 049054 050048 047053 054054 054055 051048 050050 054055 047049 053053 047048 048051 051047 047052 055047 048048 046046 048051 055049 046049 048052 051046 053047 046047 055046 053047 046047 053048 054054 048054 046047 054049 052052 052049 050053 054054 048053 053048 046046 050050 055055 049049 046054 049052 051053 054050 052054 049050 052052 054051 048050 051048 053053 050051 048050 047048
i609, 055047 053046 051053 055051 051049 046050 050055 055047 052050 054055 053048 046048 050046 047054 055051 051055 051046 055047 054053 049054 047052 053055 052055 048053 050050 052053 055055 053053 050050 047047 049055 053046 049049 046048 054052 047049 053054 048048 054047 052053 055050 048051 051052 051054 051052 046050 053048 050054 046054 049055 053050 055055 053055 055054 050053 048050 048047 050052 052052 048048 047055 051047 054048 049047 054046 053053 055055 049051 055050 052052 049048 048051 048054 052052 046053 053055 055047 053047 046046 054054 055052 051051 047055 052047 052048 049049 051050 055050 051046 050047 052046 049049 048048 048051 050052 052052 053048 052053 048048 054048
i70, 049046 053055 053053 046054 047052 049050 054050 054055 055051 050050 053050 048055 050046 046053 052052 051049 052052 055050 051054 055047 052052 053051 051055 048048 055050 046047 053055 047049 050051 054047 055053 052046 052047 048053 047047 048052 054052 054048 047054 047054 055047 049054 046051 055048 050051 048048 052053 049051 054054 050051 052050 055054 051047 050048 047050 053051 047054 047055 052049 055054 051049 049054 052049 047046 054048 055055 054046 049052 054055 052052 049055 055047 046049 054052 050047 055046 046055 052053 046048 054054 052053 055053 049055 048052 050051 047049 052046 048049 050050 053055 046054 054054 054052 051051 050051 050052 047049 051051 051048 054047
i106, 055050 054047 051055 048054 054053 050050 049048 046053 050055 050053 047049 052048 046052 052047 048051 051053 047046 048048 055054 055055 049047 051051 055052 046046 048049 050046 048055 055053 055046 055046 048046 047055 047050 047050 047054 047052 052051 048048 053050 054055 055051 048046 055046 050054 054048 051052 053046 051051 054054 050046 048054 055055 053054 051055 047047 048048 048047 048048 050052 048051 049046 053050 048049 048048 048046 055046 047047 051046 055054 048052 048049 048053 048054 055049 051052 055054 054054 052052 052046 054054 054051 050047 048047 047050 047048 052049 055049 051051 055048 052054 047046 049054 053048 054048 050052 053053 053052 053051 048051 055048
i4, 055047 054046 053047 054054 054052 047049 050050 049055 052051 049046 053053 047052 050053 050047 053046 051049 046052 055050 054051 052047 052051 053048 055049 048054 049049 054051 053055 049049 046053 050048 050049 051055 046046 046054 052050 048049 051053 051046 053053 052053 050047 051046 046051 054052 054051 054050 053046 047050 054055 051046 048054 054054 047048 055055 048053 048048 048047 054047 051046 050054 047051 046048 049048 046047 053046 053046 054055 047050 054054 052049 055053 046050 054055 052052 048046 052055 047054 053052 050048 054046 053052 051048 047051 046054 050050 049049 053053 049051 046052 047047 052052 054054 048052 048052 052049 049047 053053 053051 047051 048047
i678, 055050 053054 053053 054048 051054 048051 050050 052049 054052 049053 049053 052048 047054 054055 054055 055055 053053 048052 054052 055055 055051 053053 046050 048048 049048 046054 046055 052049 052046 047048 050050 053055 050046 046052 049046 049048 050052 055055 054047 049053 050050 048055 048046 051050 047055 053049 052047 054054 052054 048048 048048 054055 049048 049049 050047 055048 051051 051055 052055 051054 051051 050053 048048 046052 054046 046051 055047 050055 047054 052049 051050 049050 054054 053055 054046 051049 052047 047049 046053 047051 048046 053049 055055 050052 052054 055049 048047 051051 054053 055050 052048 049050 046048 054051 050050 052048 055048 055053 048051 047046
i88, 046055 054047 051053 046053 051048 048053 050050 053054 051052 047050 049049 053048 050051 048054 055053 053049 052047 049050 049046 055049 050052 048055 050055 054048 054049 054046 046053 047046 048050 055048 050046 051051 047047 053048 054047 049050 054047 046048 047055 052051 047055 053054 050052 050054 047048 049051 053046 054051 054046 051049 052050 055054 047048 053049 053053 048053 049054 048050 052054 048048 051051 054053 048051 047047 048053 050053 049049 055046 047050 052052 053048 048048 050050 054052 053046 046051 046047 052052 048050 046049 054055 052049 047055 046051 052050 051049 051053 051051 047050 047051 046052 054050 048054 051054 050050 053048 053051 046048 048051 054047
i735, 051054 053053 051053 047046 052050 047047 055050 047052 048051 049049 047051 047048 052050 046055 047053 049049 051047 049048 047055 052054 052052 053046 051051 047052 055055 054046 051048 048046 049051 054048 055048 046055 052050 048048 055047 048047 050054 052048 050049 053051 055050 055046 052052 050047 052052 054054 053053 047054 046046 048046 053049 055054 049053 049053 048054 051048 050047 050050 046047 052055 050051 050048 049047 047048 046049 049046 047047 054052 047050 046047 049048 050050 048055 054052 048047 049046 053054 046054 050048 054051 053052 055047 052051 048046 050048 048052 048046 049055 050046 054050 052054 049048 055054 048048 050050 052052 053048 048052 048048 049053
i2, 055055 047055 048053 055046 054047 055050 054055 055046 050051 050053 047053 055048 047053 049050 054055 053053 046047 055050 049047 055051 053049 053047 055052 052055 049050 055052 048053 046051 049054 048048 049048 053055 052051 046050 054054 047052 050047 048051 054054 049051 047051 054055 053049 053047 051051 047047 053049 055055 046048 048049 047047 054050 049047 049055 048051 055053 047055 050047 051052 050053 050055 055050 046048 055047 046046 052046 048055 052050 046046 047052 048048 055047 048053 055052 048054 051054 047051 054047 047050 054050 051049 055052 051051 046048 054050 047049 047051 055055 054049 047050 046050 054054 053048 052051 050052 052052 053047 051047 052052 047047
i54, 055053 055047 053048 050046 053053 047054 055050 047051 055052 050049 048055 053055 047051 055050 053052 049051 052053 055053 047046 053047 049049 051053 052055 046053 046049 052046 046048 048046 046051 055055 055055 049055 046047 046055 046054 047048 054053 048051 054049 053055 055050 053055 054048 050047 049049 048052 052054 053050 046055 048049 048054 054050 047053 055055 048050 048048 047049 046047 050052 049048 046055 046046 054049 054049 046046 049049 046047 050055 054054 052055 048055 053055 054054 052054 053055 050049 047046 047053 050048 054046 055053 047055 054052 052052 050047 050050 053046 051051 052046 050047 046050 054054 047052 052048 050052 053053 048047 054055 048050 053047
i172, 054047 054047 053048 050050 052046 047047 050046 054055 054051 050050 047047 046048 046054 049054 050050 055050 054047 048048 051054 047053 050051 051049 053051 046047 055054 054052 048053 048055 052050 051055 051050 055046 047052 050048 054050 049047 052052 054046 053051 053055 047047 046054 048052 047054 052049 048048 053053 054049 052049 048046 048050 046055 048047 053051 048051 050048 047052 054054 050052 049054 050046 050050 049055 052047 046055 051055 055052 051055 054052 048052 048051 054053 055053 055047 047049 051055 047054 052047 053046 047048 053053 051053 047052 050051 052055 051049 049053 049048 051050 050055 046050 054048 053054 052046 048050 054052 055049 053047 051052 047054
i40, 047046 054047 051051 048046 053050 047049 050055 047055 052048 051049 051053 049050 046052 047054 054053 049051 050046 047055 054049 055051 047047 055046 055052 048046 055049 052049 047053 048047 046051 054053 053050 046049 052049 048048 049052 055047 047053 055054 050051 054053 047047 049048 051051 050048 048049 047048 052053 054047 054046 048048 053048 053054 053054 053055 050047 048048 049047 054050 052051 054050 046050 050049 047049 049047 046047 049052 047055 047047 054054 049052 047049 052052 048048 054054 047055 049046 047046 046053 054053 047054 048053 051049 055051 046055 050055 048050 052052 055051 046049 046055 050050 054049 053052 047052 052048 048053 049048 048050 052051 047054
i393, 047049 055055 052050 051051 053053 050050 055048 048052 048052 050049 051047 049052 053051 047047 054055 053054 052047 055048 055047 048052 047050 048046 046053 054046 050049 046054 046048 048053 046049 054052 048046 046052 046052 046046 052047 049049 047051 054054 050051 051053 047050 046049 048046 049054 049049 053048 048053 054051 054046 049048 050054 053048 047053 053051 053052 051051 047055 052050 048051 053048 047051 053049 051048 046046 049049 046046 048047 050049 050047 047047 053051 053055 050054 054049 054051 046046 053047 054052 050048 054047 055055 049052 052055 047048 052052 055054 052053 048051 050052 050052 050052 049054 052054 054054 048048 052053 053053 052051 051048 055049
i216, 047055 055047 053053 050046 048048 047047 055050 055053 052051 051055 055054 053051 046053 047055 052050 055051 052051 049049 053054 048055 050053 046051 046055 051054 053048 047051 046046 053048 051049 047055 050049 054048 050050 054048 046052 055052 052054 048048 050053 052053 050047 054054 046052 047047 049055 050048 053052 055051 054046 051051 050049 053047 049049 053055 050048 051053 048049 047050 047051 054050 055054 052054 047051 054047 052046 046051 047055 052050 052055 047053 048053 055048 052048 052052 046055 049051 047054 052046 050053 055050 049051 053055 055055 046048 052052 049047 050051 051050 052054 050051 052054 048049 054051 054051 051050 046048 048047 053053 051051 049047
i456, 055046 054055 053053 046046 053047 050054 048055 052046 055051 053054 049051 051055 046047 055055 046053 049049 049053 048050 051047 055048 054051 052051 051052 052053 048054 046052 046053 050046 049050 050047 050051 051055 046052 046053 054054 049047 050055 046048 047050 053055 047051 053048 046046 054049 054049 048048 049047 054053 046054 049049 050050 054054 047047 055055 050053 053048 048047 046047 047055 048048 047046 055049 047049 047048 049048 049049 055047 047046 054054 052050 048053 050048 054049 054051 048048 051055 047047 052054 046046 048054 051053 050055 051052 048047 051050 049055 049051 048048 047046 052047 049046 049050 052054 054047 052053 052052 055049 054051 051048 046046
i571, 055049 055054 048053 050046 048053 050047 055047 052055 049051 051049 047052 053049 053051 047055 046054 047048 052053 051048 046054 048047 051052 053053 053046 046046 055053 046049 055055 053048 048055 049046 055050 050046 050049 050055 055054 054046 054052 048049 047054 053054 055047 046049 054049 050050 054051 046053 053052 050050 046049 048055 055055 054054 053047 055055 052050 048046 047047 050050 051051 048055 051053 053054 054051 046049 055055 051051 049055 047052 047052 052052 048051 053048 049048 049048 055053 052053 046052 052046 050053 054047 052046 053048 055055 046050 055055 051046 053047 050049 046050 050050 054054 048048 053048 054050 049053 050050 053053 051048 051051 048054
i570, 046055 051047 053051 050046 048047 051048 050055 052054 055052 053051 049055 051053 050046 047047 052052 049049 047046 054054 046051 047055 047052 055053 055046 047046 052046 046052 055048 054050 055052 048055 049050 047051 051050 046048 054054 046046 052052 051048 053054 055053 047047 049046 053050 050054 050048 048048 052050 052049 046048 048049 047055 050055 051047 055053 054053 054051 047054 050047 052051 048048 049047 055050 048048 054049 049046 053055 055055 055049 046051 047052 051051 049051 050048 052054 055051 046052 054055 047047 053050 054055 054048 055050 051055 048051 047052 047050 051052 049049 050053 050050 048046 054050 053050 054051 052055 052052 053050 048047 051054 050050
i737, 055047 047055 055051 050046 054047 049049 054050 055053 052052 049050 053053 051049 046047 055053 052054 051049 046053 049049 047054 055052 052049 053053 053052 055054 048049 047054 046046 049053 049046 048054 049054 055052 046050 054048 054054 048047 050047 055051 047050 052053 047047 048046 051052 047048 055049 051048 046046 051054 046046 048046 054052 054055 046048 055055 053047 048053 047052 050054 052054 052048 051047 050050 051046 048049 052048 051046 055055 048050 054050 048049 053051 050049 054054 052048 055054 054051 047047 052054 053047 054055 053046 050047 051055 052047 052052 049055 053053 051051 053054 050050 052046 049050 055048 048054 050048 053047 053053 048053 051051 055047
i154, 047055 047054 055051 051046 046052 046053 055055 055048 055050 046050 051052 046052 053054 047049 052054 051051 053046 054049 047054 047048 046051 053055 051055 051052 050048 052054 046046 048053 054049 051047 050047 046055 046046 054047 052053 055047 047053 055046 052054 049053 047050 050048 052046 052047 051054 047051 053053 054047 055054 052048 054047 052052 049053 051050 050053 048046 047050 050048 046051 054054 050049 046053 051047 049054 047049 046055 049049 054046 046055 052052 047053 048050 054054 054052 055048 046055 051054 055053 046048 048054 049049 047047 047051 047051 047050 047055 053052 055055 051049 052050 046054 054048 052054 051054 048052 054053 052052 052048 050051 049046
i625, 055050 055051 048051 051051 048054 047053 050055 049053 048051 054050 055047 051048 047046 046054 053055 049049 046052 054054 046049 048051 052051 053053 052050 046047 055055 053046 053051 053048 049050 052055 050051 055054 046049 048049 053050 049047 054050 052048 051053 052050 047055 055054 051052 050047 051055 054053 053053 051053 054054 049046 055051 054054 053047 048053 048048 053055 054052 049052 046054 052048 050050 054053 046048 049047 053046 046053 047055 055049 050050 048052 048052 048048 050048 054054 046054 055046 047047 052047 046050 046054 052053 050054 051050 046051 055047 051051 051046 051050 051049 054050 046054 049050 048053 054054 052050 053053 053048 051052 051048 046055
i692, 055050 047047 053055 046046 050054 050053 050050 055053 052052 049049 051051 049048 053047 048055 051047 047051 052046 048055 054047 052046 051047 051055 046054 052051 050055 050053 055054 049055 049055 055049 053050 050055 046046 048046 054047 047052 051050 054048 050054 048053 047046 046055 052046 055054 049051 048046 052053 047052 054054 051051 048050 055055 053049 051048 053048 051048 048049 053050 052046 054055 055051 053050 054049 049054 047048 052047 047046 055047 050055 052046 049049 053049 049054 052051 055055 046046 054046 052052 046050 054054 048051 055048 052051 047048 049047 050047 053049 047047 049051 047055 050049 054054 055051 051051 051052 052053 053053 053051 051051 048054
i686, 054049 046052 054051 046046 048055 053049 050050 055053 052054 049054 054053 048048 047050 055046 053053 048051 048046 054052 051046 052052 052046 053048 052055 048048 055049 054050 053046 052046 053046 047055 049053 055051 052050 048048 046054 049046 050052 054054 054054 053055 055050 049055 047048 047047 051052 053053 052053 054055 050054 050050 050050 055046 053049 053050 048047 053052 047047 050047 051051 048048 050051 053053 046049 047046 054048 051049 055054 055050 047046 047047 054053 048048 050046 054055 051054 046046 049055 049052 047048 054054 051051 055053 046051 048047 048050 049047 046053 051055 053050 055050 046052 054049 053053 048048 050052 053053 053053 051053 048048 049050
i769, 051054 054054 055051 053055 047055 049048 054050 055055 052052 049053 054049 048053 051049 054048 052050 049048 053053 048046 053047 054047 055047 053046 055055 047047 049049 047054 055051 052046 049052 052052 055046 051053 050054 051048 049047 051048 050051 051051 052050 052051 046055 046049 055053 052050 055050 051049 048053 053051 054054 049049 048055 054046 053049 051055 050048 051048 052047 052052 054052 048052 051051 052046 049054 047048 046050 055051 054046 052047 052047 046054 048048 051047 048050 051054 047046 054046 047047 046052 053050 054048 053053 053053 055053 055048 050050 050052 054052 051051 049046 052054 052052 054054 053052 050054 050052 048048 053048 053052 051048 055048
i112, 054051 053054 053053 054048 052053 054048 050050 053055 051053 049048 047047 052053 046046 055047 046050 048053 052047 046055 054051 046047 054046 052052 055050 046052 048050 046046 051046 053048 050049 049050 050050 050055 054054 047053 050047 046047 051047 048046 049051 053052 050047 046054 052055 047050 052050 054048 048052 053049 052055 049049 051047 054054 053049 055053 053053 053053 047047 047051 051051 048047 051049 053053 054051 048046 048046 046052 053049 049050 050055 049052 055046 055048 055048 052046 047055 055046 051052 052052 047046 052046 053055 055055 051055 047048 047050 051055 053048 055048 049052 052047 047046 054049 051053 054048 050052 052048 055051 052053 051048 054047
i57, 051051 055046 051048 050046 048050 050050 054049 055055 054047 051050 054055 048048 051052 048047 046050 050055 051047 050055 046046 048051 046047 051055 046052 047054 053046 054052 053046 049049 051055 047048 055050 050051 049046 047055 047047 048048 053054 054052 055054 055054 055050 054054 046055 047052 048051 050048 050050 055050 055046 048048 055050 047047 046051 055049 051053 048053 053047 049055 046051 054051 055047 052055 054053 047049 050046 049053 053047 049050 047050 052048 048049 055050 054048 048054 049053 055055 052055 047053 050053 054055 053052 050053 051050 048048 047050 049047 048046 048055 049046 050052 048046 054048 048048 054052 050052 053054 048053 048053 051048 048049
i81, 055055 047054 051053 050048 055054 050050 055055 048055 049051 049050 055049 048050 053046 049052 053052 051051 047048 048049 051049 054047 047051 053053 046055 046046 046055 046054 051051 055046 046052 055055 046049 047051 054046 050053 054054 049049 055055 048054 055047 053053 047047 054048 053051 049054 052050 047054 053052 049051 055046 055050 055050 054053 053049 053055 047051 049048 047049 050054 055050 048048 055055 050054 048048 055055 046049 054048 046053 047047 050054 049052 053049 047047 053054 052052 055054 046046 052055 052052 050046 048049 051049 050051 050052 052047 048048 052052 046053 055055 055054 054050 054054 054054 054052 054047 052048 053053 047053 048050 051051 046049
i672, 055055 051046 051048 046046 054053 050049 055050 048054 052050 053049 054054 047049 053046 046055 053052 053054 052048 054054 054051 047047 047052 051046 046047 054052 050055 046048 046055 049048 052049 055055 049050 055046 049046 048054 049049 049049 051055 048052 049054 047053 047047 046055 052051 047047 049052 048050 049048 054055 055055 050050 047050 053054 047054 052053 048047 046048 047047 048050 053050 048050 053050 053054 046053 047047 054046 046046 046054 055046 047050 052052 048047 048053 054048 054046 054051 055052 051047 054046 046050 055054 053053 049049 055055 051046 050046 050049 053051 048051 052046 050046 052048 054050 054048 047048 048050 052053 048053 051055 050048 054046
i803, 055055 054046 048047 046047 051051 053048 048049 047055 049052 050051 054053 053048 053046 055055 054052 053049 047053 046049 049054 054052 051052 053051 055055 053052 048046 046052 055051 052048 046052 047052 050050 050055 052049 050055 050054 054048 052051 051054 054052 053046 047047 053046 048055 050050 054054 053051 048047 051051 050054 055047 054050 050054 053048 055049 050048 053048 047055 054053 052052 046048 049053 053053 048048 046049 046048 049046 047051 054054 054054 052052 047048 047048 055054 054055 054051 046055 055048 052052 046050 054046 046051 055054 050052 048047 051048 049055 051053 051051 051049 047054 052047 047050 052053 048052 050050 055052 050053 053054 051048 048047
i499, 055055 047054 048052 048048 050054 050053 050048 052047 051052 051049 047053 048046 047047 047047 052046 050051 051046 054046 051054 048051 047052 046046 052051 051046 053055 046046 051053 046046 051055 055051 048055 055055 046047 048050 050050 049055 051054 046048 050047 053051 047047 048053 047051 047047 048049 049049 053048 054051 054052 046048 051050 046054 048054 053050 050052 053048 047047 054050 046046 053048 051053 050051 051048 047048 046049 050049 055049 050047 054047 052054 048048 048051 053054 054054 054054 055051 047047 055052 047050 047047 049051 053055 055051 050052 050054 049049 051046 055051 052050 055053 055046 046049 048048 054051 050052 052050 053055 048051 051052 053046
i20, 050051 054047 052051 046054 053053 049049 055050 048053 052048 054055 049047 047055 046054 047047 047055 051055 047053 050046 047054 055047 052051 051053 052052 052050 055054 050051 055055 046053 050046 048047 050055 055046 052046 054048 050054 046048 051046 051048 049050 053053 050055 046049 052048 051048 052052 048047 053047 052051 054055 049049 051048 050055 047048 055050 053053 051049 047049 048051 051046 050048 047053 052049 048054 047047 046048 053052 051049 055050 047046 047047 053049 055055 046050 049052 046055 051046 054054 052052 053050 049054 048053 051047 050049 052047 048047 047051 046053 050051 055049 050050 052052 047049 053048 051051 051052 048053 055048 052052 051055 049052
i583, 050054 052047 053048 050055 053054 053048 048050 055053 052055 049053 051051 048053 046053 046055 055055 055048 053046 051055 050055 055052 046046 051053 046046 054046 050049 047046 053053 049047 051050 055055 049046 050053 050046 046052 054047 046046 054051 048054 054052 053055 050055 046046 052050 054049 054054 049051 053053 049055 055046 046048 050046 054050 049047 050049 052048 048053 054047 050047 051052 055054 049052 055055 046051 048047 046046 050051 047046 052055 052054 052055 053053 053048 048048 054054 053048 046055 047052 053052 050047 052050 055054 051047 046046 046052 055052 047052 053054 055051 052046 055055 052052 054054 054052 051054 050050 053052 055053 051052 051051 049046
i691, 055055 054046 048053 050054 052053 051050 048050 055055 055055 049053 054051 048052 046046 049047 055053 052053 051055 055055 046053 055047 050052 052055 046052 054047 053049 046047 047048 053052 050049 055047 048054 046051 049049 046053 054050 048052 054047 048053 053054 053049 047049 051055 055052 050052 049052 048046 053053 047053 046046 053049 051054 054055 055053 048054 051053 053050 048049 050049 050052 048048 048046 046055 051052 047046 046053 052051 053053 047048 050052 048052 049048 049053 049048 053048 054048 046055 049055 052052 053048 054054 053053 053048 055048 048046 050050 055052 055046 048049 052050 055054 052054 050054 048048 054054 053048 052053 047049 052047 050047 050046
i208, 053053 054053 047051 053050 053047 051054 048050 053055 055051 046046 055051 052050 046051 055050 054048 051048 055047 048055 054051 048047 052051 053051 049055 051052 049050 054046 048051 055055 046048 049055 050052 046050 046050 051048 048052 047047 050053 046054 051053 054051 050047 048053 052052 051047 055051 048054 048053 051050 052046 051053 054053 055054 053053 050051 048048 048053 047047 048050 054050 048048 053050 050053 047048 054046 048046 053052 055049 048046 054054 052048 053048 050055 048053 054055 055053 054051 054049 053053 050048 054054 052053 055048 051051 051053 050047 049049 055052 049051 053046 054047 046054 054054 053053 048048 050051 053048 055047 055055 050054 050054
i682, 055055 051052 053055 050046 050047 050053 050050 049055 052052 049053 047047 055048 053052 055047 052053 053049 053048 046046 051051 047047 053047 051055 046046 054048 053050 051047 050051 046055 052049 050055 053055 053052 046054 048055 046046 047049 051054 046054 053051 051053 055055 048049 049046 047048 054051 047048 053053 049051 050046 053049 048047 053055 048054 053050 053053 048055 049047 051052 051052 055048 055053 055050 053052 048049 048046 048046 055047 048055 050050 052047 053049 048048 048054 053049 048047 055052 053047 052046 048050 048054 052046 053051 051055 047052 048050 055055 046054 055048 053049 050052 052052 049049 052054 054054 048052 048046 053053 049048 051046 049047
i49, 055051 047055 053048 050046 046048 047052 054048 055055 050050 050049 047047 048046 046046 055049 048052 049055 053052 050055 052054 052054 049046 046048 052046 047047 046046 050046 050053 046049 050051 048049 050048 052055 049052 048048 055049 049047 054052 048046 055050 050049 047047 049049 046049 054051 055054 053051 053053 049051 046046 046049 054046 051054 053046 055047 051053 048053 047054 047050 050054 050050 046047 049047 049049 054047 049052 046054 055048 054049 054054 048053 049048 050048 049053 054048 054054 054051 047046 052046 050046 055054 053052 053047 047051 049047 050046 052049 054048 051055 046049 047052 046046 049054 052052 054054 052052 053052 047053 053052 048048 047054
i227, 055055 055054 049048 054048 047048 047047 055055 055047 053052 053049 051046 048055 051050 047054 055055 049049 050046 048046 046051 048046 050050 055053 053055 054046 046053 054054 047050 046046 051052 046055 050050 052052 049049 048046 054051 051047 046051 046048 050050 053054 050051 055046 046049 050050 051051 053049 048048 054049 054049 052049 050054 054054 049049 055053 053053 055048 054047 050046 052052 054055 046053 050052 047051 047048 051054 053046 055047 047050 054047 053052 046049 055048 048048 054051 046047 055051 049047 053052 050048 054048 053053 053049 051055 046047 047054 049055 052046 048049 051051 052050 055052 048049 048053 051054 052050 053048 046053 049047 051052 047048
i144, 055046 047047 051051 046053 053047 050047 055050 053050 055053 049049 049055 053053 046046 047054 054055 049053 053046 055053 049052 047048 052046 051051 046053 048052 049050 050055 053053 046047 046052 055047 050050 052050 051054 049051 047052 049052 051053 054051 054054 052055 050050 046046 055049 047048 051051 049054 046053 052047 047048 049046 047050 047046 053047 055051 055049 051046 054049 050047 052050 050046 051053 050046 048048 047049 047048 046049 047046 051055 050054 055048 047048 055053 049054 054054 054053 055050 051051 052046 053047 048049 053049 055053 055051 046047 046047 049048 053050 048048 055052 050050 052052 054054 052049 047054 050048 052053 053047 052051 050051 047048
i374, 055051 047054 048048 054051 054048 050050 050055 055050 052052 049049 055046 048053 054054 049047 053046 047053 053047 049046 054051 047052 047049 049048 046053 047048 055046 050054 051051 053053 050049 049052 050055 046052 049046 053046 046049 047055 051052 054051 047052 053052 047047 051048 048048 047047 055048 046054 053052 047050 049054 053048 048054 053047 051055 051055 048053 053048 054048 052047 047049 046047 049055 052051 051048 048049 046048 053054 047047 054050 050054 052047 052053 050051 053050 054052 048053 050055 052046 052053 046046 052054 053055 053051 051051 046047 049047 055055 046051 051051 050053 054055 051055 049049 048051 047048 049050 053052 048048 052052 055048 046046
i564, 046055 053053 047052 048046 046047 048049 055050 054052 051052 051049 051049 048052 047052 047046 052053 048046 047052 047048 054051 055047 046046 053052 052055 052052 046054 050046 053046 055050 049055 049051 050052 049046 052052 053051 049051 048047 054051 046049 054052 053053 050055 049049 053052 047050 047048 052052 055053 051050 048048 048048 052047 055052 049047 049055 048050 046048 047048 051049 054052 050055 046050 055051 049048 048049 048046 055052 052047 047050 054047 052047 047050 048050 054053 049048 055048 046050 047054 052052 050046 050054 055048 054047 049053 048051 050050 049047 050052 051051 046054 050053 052054 054049 048046 055051 052048 053052 048053 051046 048051 048054
i429, 054054 055052 053053 046046 047051 054047 055050 055055 051049 048048 053046 046053 051047 055053 055051 049049 049052 054054 052051 055054 051046 052051 055052 053048 049046 046047 051051 053048 048050 051049 049055 055055 046051 046050 054050 048050 052051 055048 050054 048053 047047 048046 055052 050047 054048 052049 048053 055046 052046 051048 047053 054047 048053 055050 048053 051051 047054 049053 052052 050054 051049 053053 049047 047046 048046 053047 050047 053055 050050 047052 047053 055055 053050 054050 048050 049055 054052 053053 046046 050054 049052 055053 046055 055052 050047 048049 048053 055051 050046 052047 047046 054049 052054 048054 052052 052048 047052 050054 051051 048054
i83, 055055 054047 053053 053050 054046 048047 050050 055053 051051 049046 055047 053048 046047 047055 051055 051048 046048 054054 047049 052047 049047 052051 051052 055048 055049 047048 051054 046048 055046 048046 048049 055054 050054 048055 054052 052046 051050 046051 047047 054046 050047 055054 052055 050052 049049 054048 051053 054047 055055 049048 053051 048047 053053 055047 048047 047048 047048 053047 054052 054054 047049 050054 048049 046047 046047 054053 048049 050050 054055 052049 051048 055055 048049 048054 055054 049054 047054 052052 050048 054054 053053 047051 054055 048050 055048 049055 047053 048052 049054 050050 054047 054049 048048 054054 052050 052049 048053 052051 048050 046054
i119, 054051 047047 048051 046046 047053 050047 048050 048055 052052 051048 047054 053048 047047 053047 054053 054051 053052 049052 050046 052052 046050 049053 051055 051050 055048 052050 046055 049048 055051 052048 050055 050049 050047 053046 054048 047047 051051 055055 049054 054053 047050 055049 053046 050047 048051 053052 052053 052055 054054 049051 054050 054054 047047 055047 046048 053048 049051 050050 052052 055048 053053 050055 048048 047047 050048 053051 046055 047050 047050 052047 048047 050048 054055 051054 055053 046051 055047 052052 046053 046046 046049 050051 055051 054049 055051 049049 053046 048049 053055 054050 052052 049054 054046 048050 048053 052053 052053 049055 049048 046047
i567, 051055 053054 053051 054046 048047 051053 054050 052055 052047 050054 053049 049052 046046 050055 053051 049051 052053 054054 047052 054054 046053 053048 048052 051047 050048 053053 055055 053046 051052 049055 054050 046055 054049 048049 054049 047047 047046 053048 051046 053049 049047 055049 050052 050048 051051 051046 048048 051047 054046 048049 050052 049047 049053 048053 047053 048048 047047 052054 054050 053054 046047 050053 049054 047049 047048 049046 047055 048050 052047 046052 049053 048053 054048 055054 054055 053046 053049 049052 051046 054047 048049 050053 049049 048052 054055 047047 050051 049055 054047 055050 046052 050049 051048 054052 052050 055053 053047 046046 051050 055054
i521, 055047 047047 051047 046046 053053 050050 055050 055050 052052 050054 047051 048052 047046 048047 051054 055049 050053 054052 051054 055048 046054 048051 052053 052048 055055 054054 053048 049046 049055 047055 055050 055046 049047 046048 049055 048052 051051 051046 051050 053052 047055 049046 048052 050050 051054 052052 053053 050049 052054 053049 054048 055054 051053 047048 047050 048048 051049 051052 054052 055048 046055 055053 054048 054049 049046 053047 049055 046054 052052 047052 048048 050053 050054 046055 053046 046046 047047 046052 048048 053047 052053 053053 049047 053047 050050 047055 048046 048048 049052 053047 052052 049049 051053 051047 050053 053053 047052 051050 055050 049048
i528, 051054 052055 055053 046053 050046 050050 053055 055053 049052 046049 053052 053055 051047 047051 051053 047048 052051 050054 047046 047051 046046 053046 046047 046050 046049 055047 054053 046046 048053 052048 050050 055053 052052 053047 050054 053049 054047 052048 049054 050053 047055 050054 052049 055050 052052 048052 047052 050052 046046 049046 048052 055054 047049 051048 053053 048051 047047 053047 052051 055048 055046 052050 048049 049047 047050 050046 053055 048050 054055 052049 053048 051050 054049 046052 053046 051046 052054 052052 048048 051047 053055 047055 051047 052046 050052 049054 054053 051055 046055 052050 046050 054049 054051 054052 048048 052055 047052 054052 049053 050047
i608, 046054 047054 053053 050046 047047 050049 050055 047047 052055 049049 054054 054048 054046 055049 046052 055054 046047 050048 050047 054052 049051 053050 046052 048048 055054 046054 053046 048046 049049 052055 054053 055053 049047 054053 047052 048047 054047 051051 047049 053049 047053 048049 047053 054046 054048 048054 053052 054049 054055 048050 050051 051053 048053 049053 047053 053048 049047 052048 051051 055050 051047 053050 046053 047048 047047 047046 055049 051049 050055 053052 053054 054048 054054 055055 054046 053046 054047 052053 048048 054054 048051 051047 047050 050052 050047 047054 053051 048051 046049 052054 049049 050049 052047 048054 050050 053050 053053 053050 046051 047050
i539, 054055 047047 051053 050046 048048 048051 050055 055055 052048 049051 049048 046048 050046 046052 055053 055049 047047 054054 051054 047055 052046 046053 046047 055046 048049 054053 053055 053046 046053 052046 050053 051051 048051 053046 054050 051047 053054 051053 047047 055053 055055 046049 052054 050047 054049 048051 053052 051050 054054 049051 050054 054054 053049 055051 048047 051046 047049 051049 054052 048048 053051 053050 053052 054054 046047 051050 053047 048052 054055 049052 046053 049048 053048 048054 054051 051051 049053 054053 050049 054054 051046 047051 046048 050050 050054 055050 051046 055048 050051 050050 046046 054054 048053 052048 050052 052050 053048 052055 050050 048054
i433, 055053 053055 051051 046046 049054 054050 050050 055047 051052 054049 049047 046048 051046 046047 051048 049051 053048 050055 050053 054055 046049 052053 051046 047052 054049 050047 054048 046049 052051 050055 050055 046050 047054 048049 047050 049047 051050 048055 054055 053049 054046 051054 046051 055047 049053 054049 054053 049050 054046 051053 048047 050053 051049 055055 053046 048053 052047 050048 046051 054048 050051 054053 048049 046049 049046 049047 055046 048048 046050 054046 050051 048049 054053 046054 055053 052051 049055 054052 046053 054049 052052 055047 046048 048047 052052 049050 051053 048051 051050 055050 046046 054054 048047 054054 050048 053048 053048 048051 051048 047047
i395, 051055 047046 051049 053050 046047 053051 049054 049055 053055 048049 054047 046047 046053 048052 054053 049049 053051 047050 051055 055055 052053 049053 052055 053046 050050 046053 046046 053048 050046 046054 049050 055052 050046 046055 047052 049046 054050 046048 053054 055053 051049 050053 051048 047050 050052 049046 049048 050049 054048 046049 048051 054050 049047 053048 052051 048046 047047 051047 052054 048049 051048 050047 048046 049048 054048 051046 053047 054050 054054 054052 051050 053048 054053 054054 055046 051054 054052 052052 050053 046053 052052 055048 047051 055052 050050 049052 049049 051048 054053 052050 046046 049049 048053 051048 052051 055049 052052 050052 048051 046047
i779, 054049 054046 051051 051055 052052 053047 054050 048055 051048 049048 047048 053048 047050 049050 055054 050049 053052 048047 046055 054048 055051 052051 055053 046047 048046 053046 049055 048049 052052 047047 046050 053046 051054 046046 054050 049048 052053 048052 050047 049055 055055 048055 049055 047047 055054 052054 053053 051047 054054 051048 048055 055055 053047 051049 053053 048048 047054 050048 051046 053051 051046 050053 048048 049049 046049 050053 046046 055048 046055 052049 048053 049055 055049 048048 048053 051055 054047 046047 050048 050054 053053 053047 052046 048052 051054 047047 052054 051049 051055 050055 046052 054054 048051 047055 052050 053055 047053 051051 051049 048047
i722, 055051 046053 048051 050053 048053 053047 054050 054055 055051 050046 053055 049048 046047 048047 052050 048055 053050 048046 047054 048047 046047 046051 055054 052048 050055 048047 048048 046053 049051 055055 049050 051046 046050 049051 047051 047046 047051 051053 054050 047052 050047 054046 051049 047050 049054 053049 050053 054052 047055 048049 050050 047055 053048 055055 048048 047048 047052 050048 054052 046048 053053 053050 053046 047054 046047 055046 049047 055046 055052 054052 052052 055053 048048 052052 054055 050054 046051 052052 046046 054048 052053 047048 055055 048050 052054 048050 054048 051049 050052 053055 052052 049054 047053 054054 052052 052052 051048 053051 048055 047046
i146, 049054 053047 046053 050053 054047 050053 055050 053048 052052 049049 050053 055048 046053 047054 051046 055049 053052 055054 046051 055047 052053 051053 046055 047047 046055 046054 055055 054046 055051 049055 050055 050055 046046 051048 046048 046055 047054 054048 050051 054053 055047 051046 052049 051050 054049 052052 049053 054053 046046 048049 051054 053055 048049 048055 053048 048046 047047 046051 050050 050054 046050 051050 046048 047048 047055 047051 046046 052054 047047 052053 050048 055055 054049 051052 054046 046046 052051 052054 050050 054047 053049 051051 051049 047049 052050 055054 052050 055051 046049 052050 046052 049050 052052 048048 048053 048053 053048 051055 051048 049050
i485, 046049 052054 051047 046050 051053 047047 050050 054050 049052 054046 047049 053048 050047 055054 054053 048049 046051 050054 051055 052055 047047 046051 055055 051051 048053 051052 055055 046048 053054 055049 050049 053046 051049 054047 046054 046047 051052 051054 050047 054053 052047 049049 051053 050055 054054 052054 048048 049047 055046 046048 054052 054054 055048 055047 047050 049053 047047 053047 052054 048054 047051 050049 048054 054046 054046 046052 055047 050052 046050 049053 049053 048048 046054 054046 047048 050054 047051 053052 048046 054054 053051 055055 055046 047049 047050 049055 051050 051051 046054 047050 046054 054049 048048 054052 052052 052046 053053 046053 055048 046050
i122, 055055 047047 055052 050048 048051 047050 055055 053047 051048 050049 054047 053049 046046 046048 053055 048049 053053 055047 051047 054046 052047 052053 050050 046048 048054 051047 055055 046053 050054 048053 049048 046055 054049 046046 048047 052047 054051 051049 051053 053051 047055 046049 046046 050050 055048 052051 053053 051054 055048 053046 052052 055053 053046 055047 048051 055048 047047 048050 046053 048046 046046 052055 049049 049048 049046 046046 055055 048050 046054 052049 048049 053048 054048 049052 053048 051055 053047 052052 050050 054054 052053 049047 051048 048047 047054 055055 051048 048051 049055 047047 054052 050049 052052 047047 050048 048052 053047 047052 049054 047048
i63, 046055 047055 048053 051051 047051 054047 054050 055048 050050 050055 049051 053048 046046 054047 052052 049051 053053 055047 054054 055048 049051 055053 052046 052050 047046 052052 053054 049053 050046 049047 050055 046055 052049 048048 047054 047052 054051 051051 050047 053049 050047 046048 051049 054047 054049 048053 052047 051054 046055 051048 052054 046055 049049 049049 053053 051051 054049 048049 054052 054055 046055 050052 047054 046047 046046 046046 051055 050051 054051 052052 053051 053050 050049 054051 047049 055053 049054 052053 050048 048054 052054 055048 055055 051049 047048 047047 047047 049051 049047 054050 052050 046048 048052 051052 052053 053051 053053 051052 048048 047046
i5, 050055 047047 053053 050050 047047 049050 050055 047050 052052 053050 055047 048047 046051 055047 054054 053049 051055 049055 051051 047055 046054 049053 055052 055051 046052 052054 055046 046048 048050 047055 050050 055050 050052 048054 047046 054052 051048 052046 047055 053054 050047 053046 051048 048050 048055 053050 053052 050047 046055 049048 053047 054054 053054 054055 053053 053053 047047 051049 046054 055048 047053 049054 054048 047049 047048 046051 046055 050055 047047 052052 048049 053049 048048 049047 048054 051055 047049 052052 047050 049054 055051 048048 052051 052048 054055 055055 048051 051048 046046 055053 054050 049054 048053 054048 051048 048048 053047 053051 050051 046055
i785, 054051 053055 055048 054054 047047 047053 048050 049055 051050 049046 047053 048048 051050 048049 051054 048055 053051 048051 049051 051052 047046 053055 046055 048052 049048 048046 048046 048046 049046 048055 048048 055055 054049 053054 054054 047049 054051 048046 050049 049047 047047 049048 049055 052052 048052 054048 053052 050049 054054 048049 055047 053055 047053 051049 048053 048048 047050 050050 046051 046050 051047 053050 053046 049046 046046 053055 049049 049055 055055 046052 048048 050048 048050 054055 053047 051051 054047 052047 053050 048054 052054 049048 047051 050048 050052 051049 053048 051048 051049 055052 046053 048048 052052 054048 052050 052053 052047 047051 051052 047049
i793, 055054 055055 053053 046054 047054 053052 048050 055055 052055 046054 054050 053053 047047 046046 055051 053055 052051 055055 054049 055046 050052 055046 055050 046052 049055 053054 053053 049046 052052 047048 053049 051047 052050 054047 050047 047046 047051 051053 047050 054053 049055 053054 052048 047047 051052 051051 053052 051051 046055 049049 055055 054054 047047 048048 053051 051055 047047 050047 052046 048048 047053 050050 049047 047046 046047 049053 054047 047052 055050 052052 053053 050050 054048 054051 047054 053051 047047 052047 053048 049054 052053 055050 051055 047048 050047 049046 053050 051049 046051 051054 046052 055049 055046 054051 050048 052052 046047 046055 048051 054052
i667, 055047 054055 051052 051053 046047 053050 054050 048048 051052 051049 053051 048053 052046 047052 055054 047049 052052 055048 051054 047048 049052 052046 055052 054052 046050 052052 053053 048046 049050 055052 052055 053051 049050 055055 053047 048048 052052 048052 050051 053053 047047 054049 051048 054050 052049 052053 051053 049052 054055 048046 052054 050048 051053 053053 053053 048048 047047 050050 054054 048048 049051 050055 054053 046049 054046 046046 050054 054055 054054 052052 049048 048047 048050 048055 053053 055046 052055 052052 046048 054054 051053 048047 051051 048048 055048 055049 053047 048048 055047 052052 046054 049050 052049 054051 050048 053052 052049 052051 051048 048048
