point 1
gen 0
lala land
l52
l18
l56
l60
l30
l54
l79
l13
l31
l24
l17
l96
l58
l97
l83
l23
l25
l47
l36
l69
l26
l48
l91
l20
l89
l77
l38
l72
l51
l42
l43
l63
l99
l40
l67
l57
l64
l9
l4
l74
l80
l3
l46
l92
l8
l10
l28
l6
l94
l44
l55
l90
l88
l75
l82
l98
l86
l5
l39
l59
l71
l85
l1
l84
l68
l15
l93
l53
l65
l33
l50
l7
l73
l0
l34
l16
l12
l32
l22
l95
l2
l49
l11
l62
l21
l76
l78
l41
l81
l61
l19
l66
l37
l87
l29
l14
l35
l27
l70
l45
Pop
i54, 055048 047046 054046 055047 047048 054049 050052 055053 050052 049049 050050 051052 049049 046046 050048 053052 049052 053050 047047 053052 048046 051049 048050 055052 051055 053054 046048 054047 054051 055046 053054 052052 048049 053050 050049 047046 052051 049049 050050 055055 050048 052046 048047 051053 048051 049049 055055 051051 052047 054054 049050 053053 048054 047048 055051 054054 053047 053054 048052 046051 053053 046050 051050 055049 053048 046053 046054 048047 046050 049054 047048 048050 051049 047051 053053 053050 047047 046054 053048 049047 049053 049052 047047 053050 052046 048053 055046 048048 048049 051050 050046 053049 053051 051051 053051 055054 049053 053055 046053 052051
i387, 053050 048047 054054 055053 049050 054046 049047 046053 047051 046052 054052 052052 049049 046052 052055 053053 052052 053049 049053 048052 053052 051050 052054 048048 047048 053049 048046 054052 047051 048048 046046 053055 055055 054052 054046 048050 046048 054051 054050 050049 050051 046051 050046 049046 055052 049055 055054 051053 047055 049049 055050 055046 047053 051050 054049 054053 046047 047053 054048 046051 050053 047055 051050 049055 053052 053046 055052 053049 051046 054046 054053 050048 050050 049053 053049 051053 049054 046055 052054 049049 049051 055054 049047 054047 048048 052046 055049 048047 054055 046051 050053 051052 047055 048048 048048 049046 049046 047048 051055 048051
i404, 050051 050054 054054 051051 055047 055055 053047 047054 051051 054047 050054 052049 049053 049053 052055 052055 052052 049047 053049 053053 053046 053049 055054 051046 051051 053049 048052 053053 050054 052046 049046 048052 048048 050052 046051 049049 051051 050048 049050 047049 050046 048048 048053 046051 046049 055046 051052 052052 055051 051051 055049 055046 053053 050048 048050 051054 050055 053053 055054 049055 050053 047049 054052 052049 054053 053053 046050 053048 051046 054046 049051 046050 055050 055047 053055 054051 050048 054055 048054 047046 046046 055055 047048 052055 048052 053053 051053 046048 055049 047046 046050 046051 049055 053046 049052 055046 046051 048047 055051 048046
i144, 053050 047046 051051 052051 050052 046049 051052 052051 053051 049051 050054 052049 047049 053046 055055 050055 049053 054050 053051 052053 052046 046055 051055 050049 052047 055053 046051 052047 054054 055055 047055 048052 047055 050052 046047 050050 047046 054049 047054 049048 051050 048052 047048 051049 055049 049049 055050 050051 051048 049054 055049 048053 054049 051055 048047 051051 050046 053053 052048 047051 048053 052052 054050 055055 053052 046046 055046 053048 053046 054054 054052 046053 051054 047050 055047 053053 051052 048055 050048 047052 054048 047052 054054 048055 052046 053051 046051 055048 055054 046047 046050 049051 046055 048051 051051 046050 046046 052051 046052 054053
i348, 053048 053046 051051 047051 050052 046047 050048 055055 052051 055046 053053 050046 055051 054053 048053 055047 049052 052050 048053 049047 051050 054048 054050 050053 053050 046053 047049 053046 050051 052046 051054 053046 047047 050053 047046 052048 046046 048050 050053 050055 050050 050051 048053 054050 047054 049050 055047 046051 052054 051049 054050 054055 047055 052048 050046 050054 052047 049053 048055 049046 053054 046051 050050 055055 049053 046048 050054 048049 053048 050047 052047 047055 050049 053051 050052 046051 051052 046050 052048 049046 048054 051055 047054 051054 046054 051046 046051 053046 051055 047054 055050 049051 051049 048051 048051 046049 049048 047049 055055 048053
i530, 050055 046053 054047 049051 048048 050046 054054 051050 052046 055049 053051 054053 047052 046046 051050 050054 055052 050053 051051 053052 046053 053046 055055 049055 054048 046053 052049 047055 046054 055048 051051 046053 047048 052049 046053 053047 046048 048050 049052 049049 050047 046054 055049 053046 049049 049050 053047 051047 052054 054055 055051 046053 055055 051050 054046 050054 047055 048055 049053 049050 052050 049051 051050 052050 052052 048046 048055 047053 046054 046047 047052 050049 046049 047047 047055 053053 048052 046046 051054 047054 051049 052053 054054 055054 052046 053054 046052 052053 052047 047051 050055 046052 052050 052046 052047 050049 053050 052047 054053 053053
i614, 051053 054047 051054 051051 052052 049053 053053 054051 050049 055046 050053 052053 049047 046046 050052 051051 052049 054051 051047 053053 053048 050048 054053 048054 047050 053049 046049 053046 050050 054046 053055 049052 053047 054051 054047 049048 046051 048053 050050 055053 051050 054051 055047 051051 050051 046053 054047 053051 051048 050048 055055 046053 053047 051055 054050 051053 054050 055054 048051 046049 052050 050055 055050 055055 052052 046048 050054 053048 054051 050046 047054 049050 051051 046054 050055 049053 047049 046047 052049 055046 049049 055052 046054 054054 046046 046046 046052 046046 054054 055055 052050 055053 047051 051051 051048 046055 046046 052049 055052 053047
i254, 050053 046053 055051 051055 048046 049049 052053 048053 055051 054049 049048 051047 049050 046055 051048 052046 052051 050050 055055 053052 051053 051049 049055 055050 055054 049049 052046 052051 047054 055050 049053 055052 049047 049050 046054 050049 051053 050050 053049 047047 050048 046046 047048 052046 046049 049051 055046 052055 052046 052049 055047 055046 047055 053054 051055 050054 051052 048053 050055 049049 051050 048053 050050 050055 053052 053051 046046 054049 050049 054054 053049 049054 053053 047047 053050 049049 052052 050054 053046 049053 053053 055055 050054 054054 052048 051051 049051 046047 054049 053050 046046 052049 048049 054053 051052 046054 046051 054048 046052 053053
i66, 048048 055047 050054 051047 050052 046052 050048 047051 052051 049049 047053 052053 049049 052049 048049 053055 052049 054054 053047 048052 055046 053046 054054 048049 051048 053053 052049 046053 054046 050046 054049 053053 048054 049054 046046 051049 051051 048047 048054 047055 046051 052054 046047 046052 046049 049051 055051 051048 047055 052055 055049 048054 053053 055050 049048 050054 054051 053053 047054 049055 048055 053054 051046 053050 053051 052046 050046 049055 053050 046055 046048 051051 052053 053046 047047 053048 047049 046050 046054 049055 047053 051055 046052 048055 046049 051051 051055 046053 055049 050046 050050 049049 050053 049047 050052 055055 050047 047046 048049 053053
i594, 051047 047054 051047 047047 049047 049046 055051 051046 050052 046054 046051 053049 052047 054046 050052 053055 052052 049050 046053 051052 053047 053046 053047 051055 046052 053053 048052 054053 054046 052053 055053 052048 047047 054051 054046 053049 047051 048050 054050 052047 050050 049048 046049 049048 055053 050047 046051 052055 055055 054050 055049 054055 054047 048053 055046 054052 050050 053052 049055 050051 046050 055048 055047 055050 051050 046048 055054 053047 050046 047049 046048 055048 050049 046051 051055 052051 049049 055047 048053 055055 048053 053052 047050 047055 047049 049046 051046 055054 049054 054046 050050 053051 047055 054049 050052 046055 046049 052050 053049 050053
i17, 047048 054051 051051 051051 050046 046047 052053 052053 050047 049052 054054 055049 050047 055052 050049 055050 052053 047051 053051 052053 046051 050050 046054 052052 055050 053053 047046 049049 054048 052046 046046 048048 047050 048050 051051 053050 046054 047050 052053 047049 051051 052046 047046 046047 049047 049055 055055 051046 054048 051052 049055 048046 052050 055055 055050 054051 047052 050053 049047 053052 050054 049052 052046 055055 053051 051051 054054 052053 046046 054049 048054 049047 053052 055053 052051 051053 052047 047055 048046 052047 047052 054052 047046 053055 052054 055052 046046 054052 047049 052046 055050 051049 049049 054049 055052 048046 053053 052047 054046 053049
i378, 055053 053054 054054 051047 046055 046055 052051 054055 048047 046052 050054 053054 049055 046050 049050 051053 048053 050049 046046 051049 052053 046046 055049 050051 054055 053053 052054 054053 051050 048052 055053 048052 047052 050052 047046 049053 053051 050049 050053 049047 055051 052046 055055 050051 049053 049055 051054 051052 052048 047053 055047 055047 047048 051052 046055 051047 054054 053047 055051 051053 053054 052048 054050 049055 046053 046046 054052 053053 050046 052054 046047 048055 055053 046047 050048 049052 052047 055053 055054 049047 047054 055052 052054 054054 051052 052052 053054 054054 050055 046053 047051 047049 055055 051049 050050 055046 049046 053053 049050 050052
i339, 055048 046047 054054 051049 046052 055049 050053 054054 051050 054046 051051 051055 053047 053055 055049 053049 049052 055049 046046 049052 053053 053055 054049 053050 048055 047053 046052 049047 054054 046052 046046 048053 054053 050050 046051 050047 048049 050055 050050 055055 050051 051048 053048 047055 049053 055051 046051 047050 054053 048049 051047 046053 049048 051051 046048 054054 055046 048053 054048 046049 049054 049053 050050 055055 053046 046048 053054 053053 054048 054049 054047 049049 050051 046053 053050 055055 052052 046050 048048 046051 047047 052055 054046 047054 046055 053053 046053 054047 047049 047046 047050 049051 051051 055052 053048 049055 051051 050048 049046 053048
i326, 048051 046053 051054 047051 055048 049054 049049 047051 051050 052052 053047 049055 055052 052046 051050 049052 048052 050049 047053 052053 053055 053051 055054 050053 048053 053053 048046 053054 050046 052052 053049 048048 047055 051051 046054 048053 048051 050050 052050 050052 051053 053048 053046 046047 053053 049048 049046 055051 048051 046047 049050 054053 055055 053051 049051 054054 054049 047053 054049 049050 048054 054053 050054 055050 055051 052053 046054 048048 046051 052054 048052 049054 053051 050049 047055 051051 047052 049046 053050 055047 054049 047055 047054 055048 050052 051051 051046 055048 046055 053047 050050 052046 051051 050050 048050 055055 050049 052054 053046 053053
i620, 050048 046046 048054 055051 052055 055052 050053 055055 051051 055052 048053 052048 051053 050046 046052 052049 052047 050054 048046 048053 053053 051050 047054 050055 052055 055049 046046 055053 054051 046052 051053 048046 046055 050050 054054 048048 049046 047048 055048 047053 051050 050046 053055 046051 048053 049047 046055 055051 046046 050049 051047 055048 047047 054048 054051 054054 052046 054053 052049 051049 054053 047052 054050 055055 052051 052046 055046 055053 054050 054046 055054 048046 050048 051053 046055 052053 050052 050050 048048 053055 054047 052055 052053 048049 052048 051053 055046 046046 055049 051046 050055 051048 049051 053054 054051 046050 054049 052048 052051 047052
i560, 053050 046046 054051 052051 052052 049049 053053 055054 051053 055055 050047 051050 051049 052053 052048 054052 052049 050050 049051 049051 053054 046046 055054 053049 047048 054053 049052 053053 050047 053052 048050 048046 047047 050050 046046 048049 051047 055055 054050 052049 046055 050046 054046 049050 055046 055046 055046 049052 054052 049054 054049 046046 054055 048048 051054 054055 055047 048052 054055 052051 049052 047053 050052 055049 055052 053053 050046 053047 051046 050054 047054 055050 055051 047053 050052 053052 052052 050050 055052 049049 047047 051055 047054 055050 046049 051046 049055 047055 055049 046046 055055 051049 055047 051052 055049 046047 046049 047053 052046 047055
i5, 047051 047054 054051 047052 049050 046055 050049 053051 052052 046054 054054 055053 053053 052046 050053 047055 052047 050049 054054 053051 051052 046055 055047 048053 048050 049049 049049 053054 050054 048046 053048 048048 049047 054049 046047 051052 046049 049050 054052 047047 048046 051049 048046 053047 049055 055048 055051 051046 046051 049049 051050 048053 048049 055047 049049 051053 052047 048053 052052 049051 054048 055055 054055 049055 051054 046046 050048 055055 046054 050046 047046 051055 050053 054050 051049 053050 047050 055054 047054 047055 048047 047051 047054 047052 048048 051053 055051 055054 046055 046048 053053 049046 049051 050051 051050 046055 049050 054053 049048 047048
i695, 051051 047055 054054 051052 048047 049049 052052 054054 050053 052049 054051 052046 050052 052046 046050 055051 055052 050051 054053 053048 052046 046052 055055 048051 048055 046051 046048 049048 054052 052055 053052 046046 049047 054051 046046 049053 051052 050055 053049 048050 051048 053053 053051 052049 049047 054047 046047 052055 055055 049049 053055 054046 053055 048054 054051 047054 055052 053053 049054 051052 051053 053055 052046 055055 051053 053048 054054 049053 052051 049049 048046 048049 053050 053053 054051 053053 055055 049046 053049 049055 049047 052052 047047 052055 048052 046046 049055 049046 049053 046055 055047 049054 055055 050051 047048 046050 049046 048055 053053 048053
i202, 047048 054046 050054 051055 052053 055046 053050 053055 047051 046049 053054 054054 050047 050050 048052 051050 048049 051050 055050 048048 053053 050046 055053 053052 050055 049053 049046 051053 054052 048050 053047 048053 047048 052052 047053 049048 051050 047049 050046 047049 048052 048048 047053 053051 047054 047048 046051 047055 053055 055050 055051 046055 047053 047047 049054 054055 053051 054053 051054 054053 053050 055053 050046 055050 051052 051046 046046 053054 054052 052054 049053 049049 050050 047046 055052 053049 052052 049046 055046 047049 047048 047052 049046 054052 050048 053046 046046 046054 047046 046050 047050 050049 055049 051050 051048 053054 053046 052055 046049 053052
i301, 050053 055053 051047 051051 052049 050052 046047 053055 050051 047054 050054 048052 049049 046052 046053 052052 052054 049055 053053 053051 054050 046051 055055 049048 048048 051049 048051 055053 050051 052046 051047 048053 054047 049055 046054 053049 054051 049054 054049 049047 050050 052052 053050 053046 049051 055046 051053 049053 048052 052055 054051 055051 049054 050046 047046 051051 055049 049053 054051 053049 052053 055055 050047 055055 053046 053046 054050 053053 053051 047052 054054 053046 049049 049051 054055 053053 048049 050049 053048 052054 054049 052052 050052 054055 046046 046046 052046 047054 054055 047047 053054 055051 055048 052054 052053 046046 054053 052053 049046 055048
i13, 051054 053047 046054 049052 055051 046049 051052 053055 047055 054046 051054 048051 047046 054051 048046 050053 049051 051050 053053 051053 050054 049053 047048 050055 047046 052053 049047 051055 054052 047052 046054 048053 048047 052050 048046 048047 050051 054049 050050 051055 053048 048055 047047 053047 053046 055051 053046 051052 048052 049048 055051 051048 054048 055047 053050 054054 047050 053055 053054 046049 054052 055054 054050 055055 052053 053046 048050 054055 054046 046046 046047 049049 049051 053051 053055 049048 051046 054049 050046 053049 051046 055052 052050 055047 055046 053052 053051 047048 055054 047051 050050 046051 047049 055048 048048 049049 049049 047048 051052 052047
i7, 048047 053054 051054 053052 046052 055055 053053 054047 051047 047055 054054 054047 049049 053046 052050 055052 052049 049050 051053 052049 053053 046052 054048 054051 048053 051055 052052 053054 054054 055052 051051 048048 055047 050054 054046 049048 051049 047054 050050 050050 050053 049052 048055 050049 054051 051046 046055 052051 055052 047050 049050 050053 047047 048051 050046 054050 055053 053053 050051 049050 054048 046046 047051 055055 046051 046046 055054 054047 051054 054046 048054 048049 049046 047046 055050 053054 052047 046046 055055 047052 053054 055051 052047 055048 052053 046051 047049 046050 047051 055046 053055 046052 055051 052050 051050 046055 048049 047052 052048 047046
i252, 047048 055047 054054 051051 053048 049047 049050 054053 054053 055046 054050 055052 047047 052055 048048 053052 052052 049050 053053 053052 054052 050046 054054 050055 051050 049053 052048 053053 052054 046051 049051 048046 050055 052050 047046 048048 050046 049048 046054 050046 050046 055047 047055 052047 046049 049051 051050 053052 051048 049051 055049 047053 050053 051051 048047 053050 054055 053053 048054 054052 050050 053049 050050 055049 052053 053048 050055 054048 052046 046055 048052 055049 051050 047054 047055 050049 054050 055046 047050 049049 048049 055054 047047 054055 046050 051052 046051 055055 055055 051046 055053 052055 055055 048048 048049 055048 049049 049051 049052 048054
i201, 055048 048046 054055 051049 052052 046049 049050 054048 051053 053052 053051 052055 047051 050052 050050 049055 052049 050050 046055 051053 053053 048053 048051 055048 055050 051049 052046 047047 054054 052055 051050 055055 047047 054053 054053 047048 051051 050047 054049 055050 051050 048054 048048 053052 053051 049050 047051 051052 051052 049054 055049 047053 048052 046050 049054 050050 052055 053053 055048 046051 049051 050055 047049 055055 055054 046046 050050 047053 052046 049046 046047 055049 049050 049053 047055 053052 052048 049050 055054 049052 049047 051053 054054 052054 050050 046048 048046 048046 046055 051053 054053 052052 049048 050047 048052 046055 053049 047054 049053 052053
i315, 047055 053055 051052 051053 055055 046047 050052 054055 051047 049049 051050 053055 048053 052054 050046 046052 052051 053050 048047 051050 053048 055048 051053 049053 048050 051053 048052 053055 050054 046048 054052 048046 047047 052054 054046 051047 051052 054050 047053 051049 046046 050053 053047 046053 052051 055051 054046 051051 048048 054049 050055 051053 053047 051048 055049 051051 046050 053048 047054 051049 050055 048049 050054 055046 052046 053051 053055 053051 050046 055054 051046 048049 049053 047053 049055 050052 052052 050050 050054 049053 047048 048051 047047 048053 052048 046051 052049 048046 046046 046055 053050 052049 047055 051049 048050 046053 049049 055049 048049 048054
i333, 048048 055046 054046 052048 048050 054055 052050 055051 047052 054052 049047 049050 055047 053052 052052 055055 049053 049054 051051 055053 055052 050053 055051 050048 055050 054054 046049 053053 051054 055048 049048 048046 052055 050050 046053 048048 049046 050048 046050 053047 054051 048046 050055 049052 053046 049050 054055 051053 048048 049047 055053 046053 047054 051048 055050 054054 054050 055053 055052 055054 055053 050053 047046 055050 054051 046048 046046 053048 054046 046046 053047 046051 053053 053047 055055 055048 052048 046046 053049 055052 049047 052051 047054 054055 052046 054051 046046 046046 048049 046050 055053 049051 049048 054048 049050 046046 049046 051053 052048 053053
i475, 055047 046055 054054 051047 048050 049047 048053 047054 047051 054055 049047 053051 049054 046053 052046 049048 047052 046049 055053 051051 046054 050050 048054 047055 055055 053053 051048 051053 054046 048052 053050 050046 047055 050052 051049 050047 051051 048048 054050 049049 055048 050054 048055 051046 055053 055048 051051 053051 053048 054054 050055 048053 053051 050050 054046 054054 053054 055053 050055 049046 050053 049049 050047 055055 048055 046046 046055 053054 046054 049050 047047 051046 050054 046049 055055 051053 047052 054050 055048 047051 046049 047052 052048 047050 048052 048051 046046 046053 054052 049046 050053 052051 047047 051050 048047 046047 049049 054051 046053 053053
i241, 054050 053046 054051 051051 055052 046050 052048 054053 051055 054046 049053 055055 050052 052052 050050 047047 052052 048050 049049 049047 055053 049053 054047 048050 050048 055049 047046 049052 054054 050052 046051 048047 047047 050050 046054 049048 050052 053050 050049 055052 051053 048046 046053 050053 046046 049054 046046 046050 054054 049054 051050 053049 047047 051048 048054 054054 047054 053052 053048 049053 055050 052046 050052 049052 049048 049052 054054 053047 048050 055051 048046 049049 052050 053055 055055 047052 046052 052046 048048 049055 046054 054055 054054 048050 049048 053049 047046 046055 046046 047046 050050 048053 050055 052050 051046 048055 049046 051052 049052 047046
i444, 051051 050046 050054 053051 048049 055049 053053 053054 054047 046054 054053 052051 047053 046047 050050 052053 052053 050052 053053 053050 046052 047052 055048 049052 055055 048055 052046 055054 050050 048046 055051 055048 048047 054050 054047 051048 050049 048050 050050 047049 047051 052048 051047 052049 046051 055049 046047 051049 048048 046051 050055 055047 048053 048055 047050 051054 046050 054053 052054 046053 047054 047048 054050 055052 054053 049048 051050 053049 052051 049054 048052 049049 051050 049047 047052 051053 046048 052054 048051 049054 047046 047047 054048 055055 049051 046052 047046 054047 055053 046050 047050 048054 049051 054048 055052 055047 051053 047052 051046 053055
i106, 047047 046046 051051 051052 049046 051046 055050 053046 051046 046054 047050 055055 052053 052052 050047 052049 052055 049049 051055 053051 046051 047049 054054 053051 054048 052051 052048 049055 054050 054054 051055 055047 055053 051054 046053 048049 048046 054046 054053 048046 054048 046051 047047 053046 052051 054055 046055 052054 048049 049054 050055 047046 053053 055049 049054 053050 053047 053052 054048 049053 055055 053049 050054 055054 053053 048055 048054 048051 046054 054046 055046 049049 050051 047047 055046 053049 047052 049050 046051 052052 051047 055052 046053 053054 055049 051046 046055 049055 050046 048050 050047 049051 051048 051050 052050 055048 049049 049051 049051 051048
i231, 051051 046047 051051 055051 055049 049049 054052 055054 055047 054055 050051 054054 051051 052053 053050 055052 052052 050050 053055 051051 053046 050046 054048 053055 053047 053051 046049 047047 054054 046046 052046 048048 047047 046054 046047 052049 051051 055055 050054 047050 050048 052049 049046 053051 051053 047049 051051 051055 052051 048055 050047 046047 052051 052050 047054 054052 047055 053048 054048 049051 053054 055050 052050 055054 052051 046046 048054 053053 046046 054055 048052 049049 048051 054047 046051 053051 051052 050046 055054 049049 047046 048055 046054 054055 052052 046046 054046 055054 055054 051053 048053 051051 055055 050049 048050 047051 050049 052050 052055 046055
i90, 055049 046046 051054 051055 051050 055048 049048 048054 050051 052052 050051 053049 055055 046046 048050 049052 049052 049049 054053 053052 048054 046050 054054 051048 052050 049053 052049 055053 050053 046052 052046 048048 048047 051046 053047 050049 051050 049054 050053 050055 047048 049051 050051 051049 055046 053055 046046 051047 052052 049049 054055 048049 054054 047051 047047 051054 046049 053053 055053 046053 054053 055053 050049 052049 046053 046053 055055 055053 046052 046048 049052 055051 049051 046047 053055 051055 049054 054055 054048 046047 054049 055047 048047 047053 048052 051054 051051 046047 048048 053046 046053 052051 051049 053047 054048 049046 052046 048047 050050 049053
i423, 050050 055047 054051 052055 050055 049046 048050 047055 051051 052055 051050 046055 047051 050053 048051 051051 052049 050051 048053 053052 051053 046048 054055 048053 050052 048049 046046 053053 051046 050047 046054 046048 055047 052046 054046 050053 052051 050055 050050 049055 048048 054048 047049 050052 054053 054051 055046 052053 048048 051052 055055 055046 049050 048052 049053 049054 051052 053053 046052 046050 050054 053052 054047 055055 054053 051052 046055 055048 051050 052051 052046 046049 053049 053053 052055 053053 048050 050055 046055 053055 047047 047051 053048 055055 055049 053053 051053 053046 055048 046047 052050 049049 047055 050051 051054 055046 049053 050048 049048 053054
i20, 051055 053046 054054 055047 048048 046054 052049 051054 048051 052055 054054 054052 049053 053046 050050 052051 049051 050054 053055 053052 052053 050050 049049 054048 052047 047053 054052 053053 052054 048051 054046 051048 055048 052050 055046 047048 051046 049049 053046 049053 054055 048048 053051 047052 051054 047051 046051 049046 054055 046055 055055 054046 047047 053051 051046 047054 052047 053053 054054 049051 047054 054046 047055 049055 054051 053046 055051 053053 052052 047054 054046 055049 053049 053053 046046 054051 046047 047050 048048 049046 051051 053053 047054 053055 052046 051046 046049 046055 054055 046046 050053 051052 050049 052051 048053 046050 053053 053050 051049 053053
i93, 047055 053047 051054 051047 052055 048046 052048 055046 050051 049055 054050 052052 047049 050055 049050 048052 055052 049050 051055 053055 051051 046046 054054 054050 055047 053048 048052 052052 054050 048052 052051 048055 048047 054052 046046 049053 051050 050050 050050 049049 046047 046046 048047 051053 054049 055053 046050 047051 055055 055051 051051 053047 047054 050047 046051 054054 053052 053054 048048 053049 052050 047049 050054 052055 048053 046051 055054 051053 046053 049049 048054 050049 050055 054047 053053 053050 052052 049050 047055 055046 049046 052055 047048 055055 046055 048051 047053 046055 055053 053051 047053 049052 051055 053054 053048 054055 049049 052053 050049 047053
i646, 048048 055046 054055 047051 050052 049054 055052 046055 051048 046054 054052 053048 051050 052054 050048 053051 055047 050054 054046 053053 053053 050050 046054 054055 047047 049053 047052 055048 051051 052050 046051 050048 047047 052050 054051 052048 052050 050054 053050 046049 048051 046052 055047 052051 053049 046054 047053 049055 055051 054050 049054 054055 048051 052048 049046 052049 052055 053052 052049 049051 050053 048054 054050 055055 046046 053046 049046 053047 054051 052049 054048 051050 049048 055054 055055 055051 051052 047046 054050 047049 046047 055055 047050 054055 052046 046051 053049 047054 049049 055046 047051 051046 048055 055051 048053 055054 051053 048052 046055 048051
i455, 048051 053046 051054 047051 052049 049049 049049 046053 051051 046055 051053 054053 049051 055047 046050 049046 047049 049049 054049 053049 053053 053052 050055 050051 055052 049049 051046 055053 051052 048052 049051 046053 055047 048049 047054 048052 050046 055048 049050 047047 050048 054052 047048 048050 049051 055055 050055 049052 048048 049047 050051 047046 047046 052055 053046 055049 050051 053053 049048 046049 050054 049053 050050 055055 055048 052046 046052 053055 052054 050049 046052 049055 049052 047053 052055 052052 052046 046055 049055 049055 051054 052047 047053 055054 055049 046046 054052 048054 054055 050055 051050 049049 051047 052051 051055 046051 052055 052052 055048 055048
i353, 047051 053054 054054 051055 050051 046048 050053 055054 051047 055049 054047 054055 052049 054046 050050 055055 052049 049049 055049 053053 053052 046051 054054 052050 055055 054049 052054 052055 054051 052052 054054 047048 048055 050049 046046 049050 052049 049048 046053 048055 051048 052050 047053 053046 049049 055047 055054 051047 055047 049052 055049 053053 051047 050050 050051 054054 047051 054053 049047 050050 047055 049049 050051 050055 053051 051052 054046 054051 054050 047054 048049 049051 049055 051046 047055 053050 052046 055050 050054 049051 047047 055052 047047 048048 050051 052052 048049 048054 053046 053050 055055 049049 053055 053051 051052 055046 054046 052047 054046 047048
i322, 055050 046051 051051 051047 049052 054054 051047 055053 051047 052049 047053 052052 049049 055050 049046 047049 049052 049053 053051 049053 053046 049046 054050 053051 052052 054053 046051 053055 053050 052052 054055 053048 055047 053050 046055 048053 054051 052051 052049 050049 046050 054052 047053 046052 055049 046049 047054 047046 051051 049054 046055 046046 048048 049055 049046 054051 053051 054053 052054 046051 050052 055051 050051 049055 046053 046053 054048 052047 052054 054049 048054 049048 050051 048047 049049 054048 054047 055050 048055 046049 047051 052055 047054 048048 051052 051054 046053 047055 055046 047046 050048 052049 047053 050047 049048 046046 053049 047054 052052 047053
i21, 055055 047054 054054 055052 047055 055054 046054 053055 050052 049055 047051 051055 049055 052053 048052 047055 049048 047047 053054 054053 048053 048050 055054 048053 047055 046053 047051 055053 054047 048048 049051 046055 047053 052050 046046 050049 046050 048054 054052 055046 048051 049046 047047 047052 046049 046053 052050 051052 048048 053050 055049 053053 047047 051050 053046 054053 053051 052053 051052 049046 050046 047049 046055 055055 046054 046046 049048 053047 052052 049046 048046 055049 052049 050054 046055 049049 054052 054055 050055 047050 049046 053052 046054 053046 053049 053054 053046 046055 049054 050046 050050 049049 049047 048049 054048 052049 053051 047047 055050 047053
i308, 048050 047046 054054 051047 046048 047046 050049 053052 047054 054054 051050 049051 047047 046047 046051 055054 052052 054051 046048 053049 053052 047050 050054 049052 052055 046053 052048 053054 047052 054046 051049 046055 047047 050052 050046 047051 051051 050050 049052 049049 050047 048046 048053 046046 051052 049051 052051 051052 052047 054050 049054 046046 047048 047048 049050 051054 051047 047053 048053 049053 048050 055053 051046 054046 052054 053053 046046 053047 052054 050050 046046 049049 053050 053053 047055 055053 048052 050053 048054 049049 054049 055055 054054 046055 052050 046051 049049 054047 055052 046052 051050 049051 051047 052055 052050 050054 052049 047048 049052 046052
i192, 053050 046047 054054 051047 046049 051049 052053 053046 051051 049052 053046 051051 049049 052052 048053 055054 049049 050047 055048 051053 046053 050046 054055 053049 055055 053055 054052 053047 054052 053046 055046 048048 055049 054052 046047 048048 046049 047049 050053 047047 050048 046054 046051 052052 049047 046049 055046 052046 048048 054048 050055 053053 053051 054048 051054 053053 050055 048053 054049 053053 054050 049054 054046 049055 052048 046046 050052 047047 048053 054054 054048 049047 053049 051050 053055 053053 047047 046046 055048 049046 047050 047049 047052 055055 052050 052046 046049 055046 054048 048046 047050 052051 048046 050048 047051 054048 049049 053054 050052 055048
i126, 050053 047047 047054 049052 052050 049050 052050 053053 055047 052055 049048 050051 047055 052046 050047 050055 049049 050050 048053 052051 053053 048049 054051 053051 052055 049049 046054 054052 051055 048052 046052 046048 055050 048052 047046 048049 049046 050050 049052 049052 055048 049050 052053 047052 046049 051054 047046 052051 047053 051051 050055 055053 052048 046051 049049 054050 050055 053053 054048 053052 048050 053053 054050 049055 051053 053052 046046 049053 052054 052052 047051 049049 055052 052047 055046 053053 048048 055054 046053 049049 047051 052054 054048 054055 046050 051053 049050 048047 049055 049047 050048 049051 053048 050055 052051 046055 046053 047052 055055 047046
i562, 048048 053053 054051 052046 048048 046049 053049 051055 055050 054054 054054 046049 055050 049053 047048 049052 052048 049049 053053 053052 050048 046050 055054 049048 048048 053049 051047 053053 046054 052054 046055 046052 047047 050050 051046 052048 054050 048047 050053 055051 051051 052046 048047 052052 055049 046049 054055 048051 054048 049054 047050 053047 047055 055052 049051 054047 050047 048053 048054 054053 050050 049053 050054 055055 054054 046048 050050 053047 052050 047054 054047 047050 051051 053051 051048 051053 052054 050050 046054 047049 047047 052053 052048 053054 047048 053052 049053 050048 046046 046051 050047 049049 050055 052050 053052 055046 046046 052055 055049 053048
i327, 055053 055047 054051 055051 053055 052049 053053 054047 051046 055046 050047 047054 053050 046046 051050 055054 052054 050053 048053 049053 047052 050050 054053 053048 047054 049052 048046 053052 054054 048052 053053 055046 055049 050053 046054 053050 052051 052048 054053 055049 046048 048052 047051 051046 046053 046053 049051 055053 048048 049047 055051 047053 047053 047047 051053 051054 052055 053053 052055 047051 055055 049053 050047 052051 046054 046046 055055 047049 051050 049049 049054 049046 049050 047051 046049 053053 052048 046046 048054 052055 046052 055052 052054 048055 052049 049048 046048 048053 055046 047046 050053 053047 048046 051051 046051 051055 046055 055052 051055 054053
i447, 053050 053046 054054 051051 050052 052046 049054 048047 055050 052046 051051 051051 047053 046052 046052 048055 052047 055049 047053 053053 053048 047050 055054 050050 050055 049053 046049 053053 050051 052052 048046 048048 047052 052050 046046 048048 054050 049049 054054 055047 053049 048053 053048 052049 049054 049055 046046 053051 052055 055052 050055 046046 053053 050053 050049 050054 051055 055053 050049 050049 050053 049046 046054 055049 052052 052046 046046 053051 053049 047054 048053 050049 050050 047053 048050 055049 052047 046046 054049 055055 047047 048048 047050 049050 055048 051051 051048 046046 046050 046051 050050 049049 051051 050053 048050 050055 049046 047048 049053 055053
i156, 051050 051053 054054 051051 052046 052046 049053 053053 051051 054054 051047 052048 049047 050052 051050 050054 052055 051051 047053 051051 052052 049053 053054 050049 050055 046049 052052 053047 050048 048046 052048 047048 055047 052053 050054 047049 050047 050054 055053 047047 050048 048051 048047 049053 054052 055050 054055 055053 054048 055054 050050 053047 054053 052051 050046 054054 052047 053053 054054 053055 046054 047048 046052 055055 046054 046053 050050 054047 051051 046055 055051 053048 052052 047046 054049 053051 050052 046052 052048 049055 049049 055055 048054 055055 046046 051051 047049 054047 053046 050050 046050 052052 049050 047055 048051 046055 050054 053055 048052 050053
i247, 051054 053053 054055 051051 048046 050055 048050 054048 051051 054054 049053 051053 055055 046052 050048 054053 052052 049052 046051 052051 053053 046046 055054 049049 055048 049055 046046 053055 051054 052050 054048 046048 055050 050054 046047 048047 054051 049046 050050 055047 053046 054046 047049 053051 049049 051047 051046 052052 053047 047050 047050 047046 053048 051050 055047 053054 052055 053053 055054 051053 047046 052055 054047 055055 046046 053048 046054 053049 054052 049049 051054 046055 051052 046050 055050 053049 048047 046050 048055 049049 054051 052052 054053 048050 052048 052046 051051 048054 046054 049050 047047 052046 055055 048051 050053 049049 049051 047051 048055 048048
i365, 048051 046053 051055 055049 055051 049052 053053 053053 051053 054052 054050 052048 055050 046053 050050 055047 049052 050050 053047 046053 048048 046049 050055 050049 055046 049055 052046 053052 054054 052052 055048 052048 050047 052050 053054 050047 050051 054050 053050 046050 050046 051046 050047 049047 049053 049046 055047 052051 053047 055054 055055 047046 053055 053050 049051 054054 051055 053055 054050 053051 051050 054047 054054 055055 048048 046046 054054 053046 051054 046052 053048 049049 051055 046047 055055 053050 052054 046047 055046 046049 049047 052048 047046 054050 046052 046051 052053 046054 047047 051046 050051 050055 050051 047049 053054 046055 053046 047051 050046 054054
i727, 055053 053055 051051 051052 049047 055046 052053 053048 051051 046055 051054 053050 051047 053046 055048 047055 052053 050049 046053 053047 048048 055053 055046 049055 052052 053046 046053 052055 051049 052053 054055 048053 047047 050054 052046 048047 046054 052054 053050 047046 055051 046050 049048 046047 053047 051052 051054 047051 052048 054049 050055 046054 053053 055051 053055 054054 054055 053053 049054 052051 050054 049047 054051 052050 053055 048046 047054 055047 050052 054052 047046 049049 051049 047053 055050 053052 052052 052050 055054 049049 049049 055052 047054 047055 052055 046052 049049 047046 048055 047047 053055 049053 050051 048052 050052 046055 053054 052053 055046 048053
i707, 050051 053052 054054 055047 048050 049052 053053 051055 047051 053049 051051 046052 052047 050046 052052 055052 055052 050050 051053 048051 046048 046050 048048 053055 048052 049053 048049 055053 054047 050048 046054 055052 054047 053049 046046 047048 046051 054046 053050 049047 048048 048051 047047 049051 046049 051055 051048 051047 046051 049049 051049 046055 047052 047051 054050 050053 055050 053046 048054 053046 054053 048049 054052 055055 054046 046053 053051 053048 046054 047054 046052 048055 055053 048047 055052 053053 050052 050046 055048 055049 047046 055047 048047 048052 052048 053049 047049 048047 046046 047047 053047 051048 051055 053048 048048 049054 053051 052053 053049 053053
i37, 055050 053049 054051 047052 052055 054055 047053 048048 055053 049052 046051 052053 055047 052053 049046 050049 052052 049053 054048 053046 054046 046046 055054 050053 055051 048053 047047 053052 050054 052052 048052 046048 055047 053050 055054 049049 051051 054050 053053 049050 054048 050050 050050 050049 055051 055055 047055 047050 051052 048054 054054 055055 054053 052055 054051 055050 055054 053053 050054 046049 055053 049049 052048 055055 048052 052053 049051 047054 046052 049054 048054 050049 049053 046052 047052 055053 048053 054050 051048 049053 050050 055055 047052 054054 052047 051051 052046 048052 053055 048047 046046 049052 053051 047050 050053 054049 049053 052052 048049 048051
i715, 051051 053047 051046 051052 046048 054046 053048 053053 047055 054046 053050 051050 047049 052055 052050 055055 052052 047049 053054 055053 053048 053046 054054 049048 055055 053048 052049 055047 048051 054052 047046 055048 047048 053054 054050 049048 046046 054050 050050 055055 051055 046048 047050 055046 046046 055049 051046 051047 048055 047048 055055 046054 047051 052051 055049 054054 050055 053053 054048 055049 050050 048053 047054 049055 054051 046052 055050 054049 054046 049046 049051 050050 053049 054047 055055 053046 048050 046050 050051 055052 053049 055055 052047 048054 049052 051054 046049 047046 055048 047051 050050 053049 048051 055055 052048 055055 049049 047051 052049 048048
i280, 055050 053048 051054 052047 050053 049049 050047 055046 055051 055047 051051 051051 053049 048053 050052 055054 049051 049053 049053 051051 053054 052046 055050 049053 055048 054053 046048 053053 050054 052050 053053 048055 055048 050050 048051 047052 050046 049055 052053 055049 046046 048050 055047 051049 053049 049055 047051 052055 054051 054047 050055 047046 050049 048050 054054 049047 052051 053053 054054 049047 047048 054047 047050 055050 051053 052051 054052 048053 051050 046052 046052 055050 053052 047047 050049 051053 054048 047053 055055 049055 049047 052052 052052 049055 048048 046053 055050 055046 046048 049046 050053 051051 055051 054051 055053 054055 052049 048052 049049 051051
i114, 053047 046046 051054 053047 055055 054049 051051 054053 050048 046055 051049 052053 051055 052046 051050 052055 049052 054050 046051 051052 049053 051050 054055 050049 055047 053048 054051 049051 054046 046053 046053 046048 048050 050046 046054 050049 046054 049052 053053 051049 050046 050052 052046 050051 046055 055053 051054 052055 051052 054050 055047 054055 050047 048047 053047 052054 054049 053053 048052 046050 053050 055048 047051 055049 052053 046048 051054 055047 051050 049046 048053 051050 051048 053047 055052 051053 052046 046046 048046 055047 054049 052052 047047 053054 052049 051052 055053 047046 048046 046055 053053 051054 053050 050048 047052 046054 050053 052053 049048 053054
i710, 047047 046050 050051 049047 046050 046046 054051 053048 047051 047054 050050 049052 049051 046050 048049 050055 046052 054051 048055 053053 046053 050046 046047 048054 055050 054046 048053 052053 050054 048046 055053 048047 049048 050050 051051 052049 051050 051050 053050 047050 051053 048054 046055 053053 055046 046055 051055 051055 048051 049054 046051 046051 055053 048048 053054 054052 046055 053053 050054 053051 047047 049049 047046 055046 051052 052051 054054 051051 054046 046046 049048 046055 051046 051053 055055 053053 052046 046053 055048 051049 054049 048051 054054 050047 052051 048046 049053 048052 046054 055050 050046 049052 047047 054048 047050 055055 051046 051052 049048 053053
i420, 048047 046047 054054 051052 052050 053046 049051 055054 046051 049052 050047 052046 047052 050046 051049 051052 052051 051051 053051 046052 055055 053055 054055 047055 054054 049051 046049 047053 052054 046054 047055 048046 055055 052054 046046 049049 050051 055050 050050 051049 050047 048051 053046 052046 046052 047055 046054 055053 051051 048049 055054 053047 047054 050051 054054 050054 050047 053049 048049 046049 054053 047053 052052 055055 051052 048052 055050 049055 046046 054054 048051 055046 049049 053051 055055 053049 048052 049050 048050 049047 046047 055053 048046 054054 052052 046051 055053 047047 048046 046051 047053 052049 055048 050051 051047 046055 055049 047048 049046 052052
i709, 055050 046046 054054 055051 052055 053047 055048 053050 051051 052055 047053 050048 049055 054053 050048 053055 052051 050054 053053 049051 051055 050052 051049 054050 055054 052053 052047 055055 051051 046048 046047 055048 055055 054052 046053 046048 051050 053046 054053 051048 050046 053046 047055 051052 054049 055055 050055 047051 047048 049048 047047 049046 050055 054048 054046 050051 046051 053053 047048 050051 048053 052053 055052 055050 053051 053048 054049 053049 054054 050054 047054 049049 055054 051049 050052 053053 054052 055046 047048 049049 050054 052052 054052 055054 046046 047054 046046 055046 048046 050055 050053 054055 049053 052051 052047 055050 053053 048054 050049 054047
i625, 053051 055046 047054 051047 046050 046046 049049 055053 051051 054055 054050 046053 052052 052046 050048 049055 055052 054052 049046 046051 050052 050050 054055 050048 055055 053049 048048 054046 054047 055052 046046 048048 046050 050052 047054 048048 048049 052049 053054 046055 047053 052046 047047 050047 053054 047046 049055 049052 048046 053052 049049 047053 055054 051048 049051 050047 052051 048053 051054 046049 050055 052047 046050 052049 052051 053048 050050 053055 050051 054055 046047 053055 053051 047047 053046 053052 047047 055049 048050 052055 049051 052055 052052 055055 052049 046054 047052 053046 046049 046050 046050 049049 055055 055054 050051 046050 050053 052052 052046 051050
i471, 053047 047046 051055 055055 049046 046046 049053 055053 055047 049055 049049 052053 047049 053053 055046 053049 049049 049050 049046 046053 046053 048046 055046 051055 050048 055048 046052 055055 051052 050048 047055 053049 048047 052051 046046 046050 050054 049049 050050 049049 046048 052052 053048 050047 051054 054047 055051 051053 055055 055050 055050 046048 047055 048053 049051 052054 053052 053054 048051 053046 050048 055048 054050 055055 048046 051053 046048 047053 050049 049054 049048 055049 049053 053049 055050 051053 052047 046046 054054 049049 054047 052052 052049 055051 046052 051054 053055 053048 050055 051046 047050 046050 047049 052055 050052 051055 046049 055055 050052 053047
i62, 053051 047053 054054 051051 048047 049048 050053 053048 053051 049049 050051 055049 053055 053046 052050 052049 052052 051049 051046 049052 053055 046049 048050 047049 051047 053053 046046 053055 054052 048055 055052 048046 049055 046050 046046 053048 046048 047055 049053 047047 051055 051046 052049 047052 049047 046051 051055 049052 048051 050050 051055 053046 048048 048047 050046 050054 054050 055053 052055 049051 054050 049047 050050 055055 053046 046048 046050 049053 050054 054049 047051 049048 051053 053053 055055 050051 047051 050046 048048 049046 047049 052052 054049 054053 048046 054052 050047 047050 046054 050051 046050 051049 049049 053053 046051 055053 046049 053048 055046 048054
i262, 053051 054053 054054 047051 050055 055055 050052 048048 047052 053054 047054 054054 053047 055053 051048 046049 048053 051051 046053 051052 053053 048049 055050 049055 047051 055053 046054 051054 052050 053046 046046 048048 053055 052054 054046 048053 048051 046047 053053 052049 055051 054052 047048 049051 046049 055049 054055 052047 052048 055052 055049 053054 047047 051048 054055 054047 052050 053053 048054 046046 055050 048053 052050 049055 053052 046051 046050 053054 054050 049046 048052 048047 051046 047046 052055 049048 054049 055055 052050 049050 046047 054047 047054 052055 046048 046046 046049 054046 055046 054051 047047 047050 051051 053050 052048 055046 053050 048052 051053 053053
i684, 047053 047046 055051 051049 050046 046046 052052 051055 048053 046049 050047 054052 047052 053046 052048 052052 049050 050052 053051 053052 052053 046053 049046 052050 052055 046053 052048 055054 050051 052046 053051 048047 055047 054054 046054 048049 049049 047055 050053 047051 050047 048051 046047 048049 049049 055046 049051 047055 052051 050054 054055 046055 053048 052050 046051 047054 054054 053053 054048 053049 054050 054046 051054 055049 052051 051046 052055 054047 053051 052049 048055 049050 051049 048050 047055 048049 052049 055050 050053 055048 049046 055047 047052 047055 048046 051053 051052 046054 047048 051047 053055 051049 055047 052055 050050 046046 049049 054053 052046 050054
i3, 051049 054046 051054 047055 050046 052055 053047 048046 051053 046052 054049 048052 048053 050052 048046 052047 052049 049053 049053 052051 046055 055052 048055 047053 051047 055048 046046 053055 054054 048049 051051 052055 047055 049049 054046 047049 050047 053054 050049 053053 054049 048046 053046 053048 051046 049055 055047 051052 055053 052052 055051 053055 048053 048052 046050 055052 046047 053053 054049 046049 048053 046047 054050 049050 048052 052053 046046 055047 050053 049054 055047 055051 054049 052054 053050 053055 049048 046050 054050 051047 046049 047054 052047 048053 050048 054051 051046 046050 055054 048049 053055 052053 049050 052049 048047 055055 051049 054048 051048 049048
i103, 047053 053046 054051 051055 048046 055049 048049 053048 047053 054049 051049 052052 053047 053052 050050 055055 052052 050049 049055 053047 053053 051047 050046 047052 047047 049054 052046 046053 054054 052052 053051 046055 054047 053053 051053 050047 046054 049050 050053 048047 050051 048046 047053 049053 049053 053055 049048 051051 053052 052050 049048 046053 048050 047048 055049 054054 055049 048053 055048 049046 055050 054054 050050 054055 054055 046046 050054 050048 046051 046050 046053 049051 052049 048053 052053 052053 054052 047046 048054 049052 047051 047052 047054 055055 050052 052051 053049 048054 049055 053050 050050 049051 049050 055048 046052 055049 051050 048047 048046 047051
i155, 047051 055051 054054 051051 048050 054050 055053 053055 051051 054050 048049 052053 046053 046050 052055 052054 052055 049047 048054 051053 053053 053051 046051 047050 050055 046051 054054 053055 051053 052052 053053 048052 047047 054053 046047 052049 050046 048048 054049 049049 050050 050046 047048 052051 051053 048049 051055 055051 052048 055049 055051 050055 046055 048047 050046 050050 050054 053047 054048 051053 046050 053047 054050 055055 046052 050053 046049 049053 052051 051050 049047 051049 052052 053046 048052 053053 048054 055053 048053 055053 047046 047047 052047 053048 046055 046051 053052 046046 048050 046046 050053 055054 053055 050048 048047 055046 049046 052047 055052 053053
i172, 047047 047048 055053 051051 055048 046046 049049 054053 051053 054047 047049 051047 048053 054047 046052 052055 055049 050050 053051 052053 051047 050048 049054 052049 055051 053048 049047 053054 046050 052046 046047 055052 049049 050050 046046 048050 051050 050050 052054 055049 050050 046046 055049 050053 051055 046047 046046 049052 049051 049052 055055 055053 055048 048048 050054 054055 054047 048048 048048 051046 050050 052054 050048 052055 051054 051053 050052 046053 052049 054051 046054 050049 053051 046047 050052 051050 047046 049050 053048 047054 047047 052048 046047 048055 052048 048052 047048 048048 051053 046051 050053 046054 055055 049051 051055 050049 046049 050052 048049 050055
i641, 055047 053055 054046 051055 050049 046046 048050 046048 051051 046055 054051 052055 055047 050053 046052 048052 052047 050049 049053 053052 053051 050055 055054 051050 054055 048055 048046 054055 051050 048052 054055 048052 047053 051052 050046 052047 051050 049049 050050 047047 050050 054052 047048 049050 051046 055047 054051 053052 048053 054054 055049 053046 047047 051051 051050 053054 054047 052048 055051 049051 055052 050053 050047 055055 051046 046048 049055 052048 053046 054054 046049 050050 049051 054052 052055 048050 054047 046047 053047 055049 047053 055051 054048 048050 052046 051047 046055 046048 055048 051048 053053 053046 053051 055048 053048 046046 050049 052048 055048 050048
i456, 053048 046046 054054 051053 050050 054049 048055 054054 051051 046047 054053 051052 047049 046046 052053 052055 047046 053050 055051 053051 054048 053048 055050 053048 047055 053053 054047 047055 051054 046047 053052 048048 048049 048054 054046 049051 051051 055054 053050 047050 046051 050050 055048 046049 046053 053049 046055 051051 051052 052049 047049 051046 054047 051048 050055 054051 051047 053053 054055 051053 051049 049047 050054 055055 048055 051052 054055 051053 051053 050046 052046 051051 050051 046054 047047 049053 052049 049046 046047 046052 053046 052047 052054 046054 051046 049052 055051 049046 055046 047050 055048 051049 049049 051051 052053 055051 046049 048051 054049 050053
i762, 050055 053047 051054 051051 050048 050050 050054 050055 051047 049046 054054 047052 053049 054053 051051 049049 049047 046049 053054 052053 046055 046053 055046 050050 047052 053048 051046 047053 050046 052053 053051 048051 047047 050054 054046 048050 051048 050050 050053 050049 050050 046051 047053 053052 053050 046049 047047 047052 048047 049047 055055 046046 048050 051053 049046 054054 047053 053052 054049 051046 050049 050050 054054 055055 053053 046053 053055 049048 054054 046052 047046 048049 054049 048053 046054 053048 047048 055055 048053 046051 049047 052051 046047 049055 046048 053051 046047 054054 052048 050051 050046 052052 051049 055050 050050 046051 049050 049050 055049 048050
i735, 053047 047046 054054 054047 048049 046050 052052 054047 052051 054054 053050 049052 047049 046053 048051 055055 055052 050051 053047 051053 053048 051048 055047 055054 050048 053048 052052 054049 046052 048052 052049 046052 048050 054050 054049 049048 050046 050055 050054 047047 050051 054052 047053 050051 052053 050046 055051 052052 047048 049047 051054 054055 047048 048046 051047 053052 053049 053048 054054 050049 054050 046049 054055 055055 053050 051052 050049 053048 054046 050046 053046 046048 051052 046053 051046 051050 051050 046054 054053 049047 047046 048052 052047 051055 046048 048051 047051 047046 050053 046048 053055 049048 055051 051050 048049 046050 049046 047048 053049 047048
i520, 050053 052046 050053 051051 046046 046049 047053 054051 050047 046052 054054 052052 050051 052046 055050 052054 052052 051049 049046 052051 053052 050046 050055 055054 048055 053049 048052 055055 050054 052054 051048 053048 054049 050050 046049 048052 047046 047049 049054 051050 051048 046046 052048 046053 047052 047049 046055 047051 052052 050051 054054 055054 053054 048046 047050 051054 053055 053048 052054 051053 053048 054053 047052 055055 050051 051052 053046 047049 046046 049050 047048 055049 051050 046054 050046 051053 050047 046050 053054 052055 049046 052049 051046 047055 052048 051054 051046 046048 055055 046050 050055 052052 049053 053055 048052 055046 053053 052046 055049 053047
i706, 055051 048046 054048 051051 050046 049049 054049 053053 051047 055054 051052 052049 049051 046049 050055 053052 052049 049049 055046 053053 053051 051049 054054 048052 052055 055051 046048 053053 054054 052046 055046 050055 047050 050053 051054 049049 047051 049054 050049 046049 050050 052046 049046 052053 051051 046046 051051 051051 055055 049050 049054 046054 047047 052048 048051 051054 052053 054053 050052 052051 053054 052055 050051 049054 053051 052053 047046 048053 051046 046050 047053 055053 052050 049046 049051 051050 052046 049049 049054 047049 046053 047053 054047 048050 046049 052052 046047 048050 046048 046053 052055 051049 046049 048055 052049 046051 053049 047052 052053 053054
i542, 055053 047053 051050 051051 053055 053054 053049 051048 051051 054054 054053 053054 055051 053054 046050 046049 047052 050049 046053 055053 053051 054053 053053 053050 055052 053051 046052 047053 051046 052050 051046 055048 050055 051050 054054 048048 051051 054052 053050 047050 050046 048052 047047 049052 051053 048046 046046 053053 048054 049049 055050 046046 048053 051048 050050 053050 050055 053053 055054 053049 051047 055053 050055 055055 046046 046053 054046 053053 054046 052054 053055 053051 052055 047050 053055 053050 047048 046050 048055 049049 047047 052047 052047 048054 048047 046051 051046 055046 055055 055049 053046 052054 049055 052050 046048 055049 049046 050050 052055 047053
i245, 050055 054051 054054 053055 050053 049055 050050 051053 050051 046055 049054 048054 049051 046047 048046 055046 047052 054049 051048 047046 053051 050050 054054 053048 055050 054049 046046 055049 054047 052052 051055 055048 048047 052050 046046 048048 051051 049050 050050 050046 049055 053046 047053 052051 049055 046048 047054 049052 048053 054050 051050 046046 051053 048048 055052 053053 051047 053048 054052 046050 055050 053048 046050 050055 048046 052046 046049 053053 051052 049052 048047 051055 054051 047053 047055 052053 046050 046054 048054 049046 049049 052052 047047 054055 051048 046046 046052 053046 046049 051046 047052 051051 049055 051048 054051 050049 046053 047047 052049 047047
i565, 055053 053054 051054 055051 050054 049054 052054 048047 051052 049049 050051 048048 053054 053053 046048 055055 049049 049049 055046 053053 052053 046046 053047 049049 055055 054053 046053 054048 047054 052052 048047 046048 047049 052052 046047 049048 055051 055049 050053 047049 054047 053046 048048 054047 049049 046046 055046 051049 048055 052049 049049 048047 052051 047046 051050 054050 050055 053053 055050 046052 054055 053049 054050 055055 054048 046053 054050 053048 051051 048055 046048 049046 053051 048051 055050 053055 047052 055046 050047 049055 048049 047047 052054 054052 048052 054053 053055 054054 050051 051046 046046 046049 055047 054051 047048 055048 054051 048054 049055 048053
i437, 048055 047055 046054 051051 046052 046046 054053 054052 047052 054047 050047 053050 051051 053046 053050 055052 055052 055050 055053 051051 047046 050053 050047 050054 048055 053048 046046 054046 046050 048046 050055 055046 047054 050050 053047 047050 053051 050048 047050 051049 046050 052050 047047 052049 052053 046051 051053 051049 048052 049050 055050 046055 047054 047051 054049 054050 055046 053054 052053 046052 053055 049053 050054 051048 053054 046051 050052 054053 052051 054051 047046 049049 051050 047046 052049 053052 049052 046050 050054 049047 047048 048052 050054 055055 046054 054051 054048 055048 053046 046055 053050 053052 047047 053055 051054 046054 049053 052052 049055 051048
i312, 050050 051047 054052 051051 052048 046054 046048 053052 047047 046046 051051 048055 049053 050053 046050 052053 052051 049050 047053 052053 054048 054050 046046 048050 050048 051053 047051 047055 051054 046048 054051 046048 055055 052054 046047 053047 052050 055050 050054 047046 050047 048048 051047 052052 054049 055049 050046 055052 054048 049049 055050 048047 054049 051051 046051 054051 053047 053047 050055 046049 055048 052050 052054 055055 055052 048046 054050 049055 051048 055046 048047 050051 052049 046053 049050 053049 050053 050047 046050 055051 046047 048053 047054 051054 048046 051053 046047 048052 047050 051055 053055 049052 051047 055051 052054 054052 046051 053048 055049 053049
i568, 053055 046046 046051 054047 052048 050050 049049 054055 050051 052046 049050 051052 053054 047046 050048 051055 052052 051050 051046 047055 047053 048048 055048 046046 051048 053049 052051 053047 054054 048046 046046 051048 050050 050052 047046 049049 052050 055052 049050 055046 051053 054048 048048 051046 053051 049049 047051 046055 052048 049046 055047 047047 047047 047047 049051 054051 054052 055049 052054 046053 053051 049047 054050 048051 054052 052052 046048 055055 053051 052048 048048 050049 049051 051047 055055 048050 052052 050054 048050 055049 051049 048054 046047 055054 046055 054046 052047 054048 053048 047046 048046 054051 048046 050046 053048 050055 049049 051053 046049 053053
i30, 049053 047046 054053 047052 046050 046047 053047 046047 051051 054054 054053 052052 047055 049046 046048 055053 049047 050054 049055 049051 055053 046047 046054 050048 054055 053053 052049 053053 050048 052055 050055 055052 052048 052052 046051 050048 046051 049054 049053 052055 050055 050054 046053 053046 051048 055046 051047 049052 047048 046054 055053 046055 047050 048050 053051 051049 050054 052052 048051 046053 050049 048055 047054 055048 054053 048046 055050 049053 052054 054047 049047 049049 050049 048049 054047 053051 052050 055050 046053 049049 046051 055053 047054 052055 048051 047046 046053 048055 046055 051050 050047 052049 049055 050051 052053 046055 055046 048047 048053 047055
i181, 048047 047053 054054 052049 055047 052055 050047 053055 047051 048048 054049 049055 055053 052046 050049 053053 049052 054053 048051 051051 053048 050048 054053 054050 048055 053053 052046 053047 047054 049046 051046 048046 053048 050050 046046 054050 046052 046049 049050 051055 047051 048054 048047 051051 052052 049055 055055 053046 051051 050053 055055 054046 053055 050055 050046 050053 051055 053048 051048 049051 054053 049055 050050 055055 052055 046046 055054 054054 050046 052054 052047 050048 049048 053053 052055 053053 052052 046050 047047 049055 047047 054052 048054 055046 051051 053052 046051 046053 049055 046051 047052 051049 050048 054051 047053 048046 053055 046051 049051 048053
i70, 050047 048051 050051 052052 052051 049046 052053 046053 050055 054046 051054 052051 055049 054046 050050 054048 049052 053051 055053 052053 053046 046050 055054 051051 052048 053053 046046 048053 052050 052046 051051 052053 054047 046054 051046 053048 049051 055050 053053 051049 046051 051054 055046 053050 049046 055046 055051 055055 051053 054051 047047 053046 051054 048048 055046 051051 050054 054053 048055 053049 053049 052053 055050 049050 051054 046052 046052 053048 050049 049052 047048 046055 054050 053053 047050 050048 052052 049055 046050 055049 046054 051047 051047 053053 046051 051052 048046 046052 048046 046052 046050 051051 049047 053051 051053 055055 053049 048048 055049 048053
i100, 050053 053054 054051 052047 046050 049049 053049 054053 052055 055054 049047 053052 047053 053050 050048 054046 052052 050049 048046 053055 053053 050046 046051 054053 048055 053055 052046 054051 046054 052052 049055 048055 054052 050054 049047 048048 049051 049050 048050 055049 048051 054054 048047 051050 053053 055055 051047 055049 051048 054049 054055 047054 055054 051050 050049 051050 053049 053053 048052 055051 053053 053048 049055 055055 051048 053053 054055 047053 046054 055054 055048 051055 049053 047053 050055 055055 047048 052050 054048 049049 054049 054047 047054 055053 052046 046046 052046 050046 055049 050047 050050 052053 049048 055049 050052 052046 049049 047052 055055 047048
i319, 050047 051053 051046 053049 048046 046052 054050 054055 053053 046052 049050 054049 050047 049055 047047 051055 052049 049049 054051 053053 046053 049046 048049 047053 053055 053053 052046 051055 054046 052055 055053 048055 049047 050050 046054 049048 048046 054050 052050 049046 050055 052048 055048 049053 053053 055055 047048 052055 055051 054049 055055 055046 052050 047050 046054 054054 055049 047053 054054 049049 050051 050053 054050 055055 055053 046053 051050 053047 051054 046049 049052 053049 049051 049051 055052 053053 047052 050055 049051 050055 049049 052052 054047 047055 046052 052051 053049 048048 055055 047047 050055 049051 047049 051051 046048 046048 046049 054053 049048 047053
i776, 051047 048050 051046 055051 050055 054049 053053 051055 055051 052051 052054 055054 052049 053046 050050 049046 047051 050047 051055 051051 053055 046050 054054 051051 055054 049049 046047 054053 047054 052053 052053 046054 047047 049054 046053 053048 046049 050050 053050 047055 048048 048048 048048 052051 047046 049047 054046 053051 054048 050054 055055 048049 055047 048054 047051 054052 052051 053053 052048 049053 050055 049048 050050 055055 054054 053052 054051 048054 046051 046049 053054 049050 050046 050047 053055 052053 052054 046046 054050 054047 046047 052046 047046 053055 046052 052052 046046 054046 055046 051046 050050 052055 049046 052052 048048 055046 053046 055052 046049 051050
i55, 050051 046046 051054 049049 048048 047055 050052 053046 051055 054054 051051 050053 047051 052050 050050 055051 049052 049054 048046 051054 051053 048053 054055 051054 052048 053048 051049 055053 051053 048055 046050 053046 055047 054052 046046 050052 050050 052050 054053 055051 048050 052048 053048 046054 054046 049055 046047 051051 051048 047055 050049 053047 047053 050051 049048 054052 051050 053053 055051 053050 054051 049053 055054 055055 046052 052046 052052 051053 048051 054050 054054 049050 050054 049053 055052 048054 055046 046046 050053 055049 049049 052053 054047 048055 051052 046052 054053 046048 051049 051049 050053 051047 048046 052052 048048 046046 046053 047055 046048 047053
i627, 051048 047047 051051 052051 046053 046046 047050 054046 055055 046046 051051 055050 051047 055051 051050 053055 047053 050049 047049 052053 048048 050048 047055 050053 047047 049053 048046 047053 052052 055048 046046 052048 048048 049053 046046 050048 050051 055050 053053 055050 050050 054053 047046 053052 053053 046055 050055 052052 052048 054055 051055 046047 051053 047051 052054 054054 047051 046053 049051 053051 046050 047048 055054 055055 051051 046046 054046 054055 051046 049048 048046 049048 050052 054047 051050 053053 052048 046051 054048 052049 047046 047052 050047 048055 050050 051051 046052 047046 046046 051055 050050 049051 051049 053055 050048 052055 050053 054046 049051 048048
i529, 050050 046047 051051 055047 052048 050049 053053 053053 047050 052046 046049 055046 047047 053054 052046 048047 053052 049050 053047 053053 051053 050046 055054 054051 055055 053049 052046 053049 050050 046052 051052 048055 055050 054052 047046 049050 047054 050051 050050 049047 050050 053048 048053 051047 051046 048049 047050 050053 052048 055054 047046 046053 054048 046055 047054 052054 052053 048053 052051 053051 051050 051052 052051 053055 054046 052053 046051 048053 052052 052054 048046 055050 050049 050054 050047 053048 047052 047055 048052 053049 051047 054047 048052 052055 053051 051054 050051 052046 052047 046055 055046 049047 050048 055053 050048 055050 050046 052050 049052 047053
i1, 050051 055047 055055 049046 053052 050049 051048 055054 049051 052054 054050 048046 049053 053050 046048 052052 052052 051054 048055 052053 053053 050046 046054 050048 055055 046055 049046 054053 054051 052052 054054 047048 047053 052053 052047 052047 046050 054052 052050 050051 055054 053048 046046 052046 051049 053049 051048 047049 051051 047051 047049 047051 049052 048055 055046 054054 054052 053053 048051 053051 053053 052053 050047 049049 046048 048046 054055 053055 053053 050055 054046 053049 052053 051049 046048 052050 052052 050055 053048 049046 047054 055055 054048 053055 046046 054051 052051 048048 050055 047050 048050 051052 047050 054049 052048 054046 049046 048051 055048 047047
i597, 054055 047046 053054 047047 046050 052054 053048 047055 050051 049046 051054 048052 052051 053052 052047 055050 055047 050053 053053 046053 046047 048053 048054 054049 055055 053051 054047 053053 051046 052046 050055 048052 047050 050054 047046 048048 051051 050055 054050 046048 051046 046050 046048 047051 054049 049049 051051 055051 055048 050052 055053 053047 053047 051051 055049 054054 054048 053053 048054 051053 054050 049050 054054 055052 053051 053046 049052 048047 053048 048054 052047 049055 049048 047047 047050 055053 051046 050051 048053 049046 049046 054055 054054 054047 046050 048046 047053 048054 046046 046046 053046 055049 049055 051050 050048 049046 053049 054047 054054 052048
i415, 050051 054046 051054 055051 051050 046046 047053 047055 051047 049054 046047 054053 051051 055053 046052 054047 051053 050052 051049 046052 046052 049053 055049 047050 051055 053053 047046 047053 050053 048054 051051 047048 047047 051050 046051 047049 051048 048055 047051 051052 050051 048049 053047 053051 051047 048049 050046 046051 048053 052054 050047 046053 047047 048046 053055 053048 051051 052053 054055 048052 048046 052049 055050 050050 053051 046046 052046 051049 051051 054054 054054 049048 051051 046053 050047 053053 052046 047046 054055 049052 049047 049047 048050 054054 046053 053053 049046 046053 055055 048046 050050 050049 047049 050050 052050 050055 049053 048053 049048 054048
i149, 047053 055053 054054 055051 052050 046046 054055 053051 052051 046046 054050 053052 047053 052053 052052 055050 052052 049051 046051 048053 053053 050050 054055 051046 054047 049049 046046 054053 051050 052048 052047 053048 055047 054052 046047 048048 046046 054055 053046 047049 052054 053055 047052 051048 049053 049055 047051 049051 052048 053049 049055 046047 051048 050051 049054 054050 052051 048053 054055 049053 053053 053046 050050 052055 052051 046046 055055 053054 046053 054052 046049 055050 053051 046046 049055 053050 054052 055055 048046 049049 046046 052047 047052 055050 051051 050052 052053 046048 054046 050046 047051 052054 054055 051054 049048 046055 051049 050051 046049 053047
i775, 050048 049047 050054 051047 049052 054046 051047 053055 051047 054052 048050 055048 047051 046053 048046 053052 052052 049050 046046 048051 053053 053055 054055 047052 048055 049049 047046 054055 051050 051052 046055 055055 047047 052050 047051 050049 050055 049048 046054 055055 053046 052052 047048 047051 052046 049049 055055 052051 048051 047049 054055 053051 055053 051055 051050 052055 050054 053050 054054 046047 053050 055046 054052 049055 053053 048053 050049 055047 049046 052046 051051 049051 050049 053051 055052 046046 046047 055050 048046 047049 049047 047047 048047 055048 047050 051051 055047 053054 053047 046051 050055 047046 049046 052050 051055 051046 053051 052047 052053 053053
i14, 050051 046054 051051 051047 052055 055055 053053 051048 052051 054046 049054 054049 051052 053053 050048 051049 049052 053050 048054 053053 048053 053050 053055 055053 047047 054053 047048 053047 047049 048055 046055 047048 047047 054050 054046 047050 051051 050050 052050 049046 046047 052047 050048 052046 053051 047048 046055 051051 052048 053054 049050 051054 047049 046055 053052 052048 047053 053053 054054 051050 048054 051054 050050 055055 048046 053052 055050 053053 046053 047054 054055 054049 052052 053047 050052 053052 052046 050046 048055 049046 047046 054052 052054 055055 046048 046054 046055 048046 055054 050050 050050 053050 051046 053051 052048 055053 053050 047050 055046 048051
i786, 048047 054046 054051 047047 046047 050049 053050 055051 050050 055055 051047 052048 047054 048046 050048 052055 048053 050054 055046 051053 047053 049048 054055 050052 046055 054049 047054 053046 046054 052054 051049 048048 047047 050050 046053 046047 054048 050050 048050 055051 050050 052048 053048 052052 046053 048055 046046 051051 051054 051051 055050 053046 053054 047050 051048 051050 053052 052053 054048 050051 053053 050053 050050 055049 048053 051053 046054 053047 053050 049049 047046 050051 052053 047051 055053 048053 048052 054046 055049 055049 049046 052047 047054 054054 051048 052051 050046 046048 054053 050050 048050 049055 055053 048049 053054 055046 050047 055052 052055 050048
i135, 050055 046055 054054 050051 051053 050049 054053 047051 051052 046054 054047 055055 049051 046053 051052 054055 053049 049049 054052 053055 054053 049055 055054 053053 055052 046049 047048 053053 054050 052048 051047 055048 047048 046054 046046 049048 051050 047049 048053 050055 051050 048046 047047 053047 055049 055051 055054 051054 048048 054055 055050 055054 050055 055048 049049 054050 052055 053053 049054 053049 050051 055049 047054 055055 046051 046046 050046 048048 053054 047054 047055 049049 049053 054053 055052 052053 050052 046055 054048 051049 054047 047051 050054 055048 048046 053051 052050 046052 055050 047046 050053 052052 049046 054047 051049 055052 049049 046055 052053 048046
i306, 051051 046054 054054 055052 050050 049055 052049 055053 047052 052046 050052 055052 047049 053055 052052 055051 047047 050053 055055 051051 046053 049053 054053 046050 055047 053053 047046 053054 051048 048048 055050 048048 048046 050050 046053 053048 049046 048048 050049 055055 050048 052050 048053 051051 049047 049053 046054 052054 051048 049050 054051 054053 048047 050051 047047 054054 047051 053053 055055 049049 053049 052049 054055 050055 053053 052046 050050 047049 051051 054046 048054 055049 050050 053047 052055 053055 047050 055050 048054 055054 047054 052048 048050 054055 052046 051051 046046 047046 049046 047046 047047 046051 055047 054050 052052 050046 046046 048051 051051 052053
i459, 048050 046054 051051 051051 052053 046049 048054 054047 050053 047054 053054 054046 051055 053049 051048 053053 052049 051049 053055 053048 046047 050046 055054 055046 050047 053049 048049 050055 054047 050054 052054 048048 047047 050052 046049 049048 049050 055050 052053 055049 051050 052050 050047 052047 046046 054050 049046 046046 054051 054051 051055 054053 050047 051047 054049 051051 053054 053048 048055 049046 053055 051055 054050 052051 053053 050053 054055 048053 054052 046049 051050 049055 049050 047046 050050 053049 052054 046050 046050 051049 050046 047055 054054 047055 050055 053051 053052 046046 049049 046047 047050 049046 053051 050051 052051 051055 049053 051047 046050 053053
i175, 047050 052055 054054 047055 048053 047054 049052 048046 051053 049055 054054 046049 054049 053050 047052 055049 052053 050049 049054 053053 053051 050053 054054 049049 055052 053048 046046 053053 053054 048048 051052 052046 047055 054051 049054 048048 049046 055051 053050 049048 047048 047050 053048 052049 047047 049049 047047 049054 048048 054053 055055 046053 048052 048048 048055 050054 053051 053052 055054 053053 053050 047053 050054 055055 046051 052053 046054 047053 051048 052049 048049 050055 049050 053048 053053 051052 046054 046046 054052 051047 049047 055055 054046 055055 046051 051046 050052 046046 048055 046047 050050 052051 053051 052050 051051 055050 049049 052053 046054 052048
i195, 048050 055046 051051 047047 051050 050055 053053 052054 051051 046054 050054 052055 049050 049046 048051 053055 052047 053046 053053 049053 046053 046046 055049 048046 051047 051048 047048 053055 048054 048052 046046 053048 054055 050053 051046 049048 051054 050050 050049 049048 050046 050046 047049 051048 052051 049050 046054 049055 048048 055052 055055 048054 050051 052050 054054 047052 054050 046048 054054 051053 047050 048050 049055 055055 051046 046053 050052 053048 052050 046050 046049 050053 050046 046053 050055 051053 046052 050055 050048 049047 051046 052053 053052 055051 052046 052051 051047 055054 048055 047046 046053 049050 049046 051050 047050 055046 053053 052047 049050 048053
