point 1
gen 0
lala land
l74
l15
l51
l16
l54
l19
l87
l91
l60
l88
l21
l92
l32
l72
l45
l13
l63
l24
l55
l77
l33
l78
l25
l17
l97
l9
l7
l99
l89
l39
l71
l44
l61
l26
l90
l42
l2
l48
l75
l40
l82
l31
l38
l46
l3
l67
l0
l70
l85
l18
l12
l81
l1
l28
l20
l79
l49
l8
l93
l22
l52
l68
l27
l57
l23
l69
l98
l6
l35
l11
l53
l84
l95
l58
l29
l37
l64
l5
l86
l4
l76
l73
l96
l14
l50
l80
l65
l10
l47
l56
l59
l41
l83
l62
l94
l36
l34
l30
l66
l43
Pop
i245, 047047 047053 050048 055053 046055 051049 052052 046048 046051 048052 051047 051050 051054 054049 049049 054049 047055 049055 046046 050048 049055 053050 050053 053054 046047 055053 051049 049046 048053 048049 055055 050052 047051 050046 053048 049051 047048 053049 050051 046055 055052 046046 049050 047050 046047 050050 051054 050047 052055 055048 049050 050054 048052 053048 054054 049054 049049 046054 053052 054050 051051 048055 054052 054051 053053 054049 055050 048046 051047 054054 051051 048054 051053 052048 049054 047050 054047 047050 054051 048051 052048 052055 051050 048048 055047 053048 047050 048051 053055 047055 048046 050052 053049 054054 052047 048048 054054 051054 050052 052052
i119, 054050 055050 055055 052050 053054 046047 051054 053046 046047 046050 047049 050046 047046 055046 052048 054054 052054 052047 053049 049051 054054 055049 053053 050048 046050 047055 047051 047049 053053 050048 046051 052054 051048 046052 053046 049046 054049 046054 055048 055049 052052 050048 047048 054051 055048 052050 048055 053052 047047 048050 049050 050048 051048 053051 046046 049050 049049 054051 048052 046054 051047 053046 048049 049049 047053 052052 050046 048055 048052 048048 048048 048050 054052 050050 051055 052048 054053 046048 055050 047046 055052 055052 054051 047051 053049 049049 047050 054047 054055 055049 055049 050050 051051 047054 048049 048046 051047 048053 052053 052051
i626, 053047 053050 054055 051055 054049 051051 051052 051049 050051 053052 050049 055055 054051 053049 051050 054047 049051 047055 050049 053051 054046 055049 053050 048048 050046 048050 051052 054051 048051 052048 050052 050054 053048 052052 051053 055052 054046 054049 055052 052046 050054 051046 051055 048051 048052 055050 055055 052055 048047 048046 052052 053050 048047 051046 050055 053049 052046 052046 048047 049054 052048 047048 048048 051053 050050 053047 055053 048050 047046 046047 051051 048054 054055 049047 054046 051048 055053 055048 055051 053051 054052 049052 053051 048047 053055 048053 050047 055054 054054 048048 047054 055050 048053 047054 052049 052051 054053 051054 048050 052049
i183, 047054 049055 050055 051050 054054 050048 055048 054046 050048 052055 047047 050046 054054 053054 048048 054054 049046 046048 053050 051055 054046 046050 050053 050054 046049 046052 048051 051052 050048 054048 050051 053055 051048 050050 046051 048055 050051 051049 055054 055055 054046 050046 048055 048055 052046 048050 048048 050052 049048 050048 055050 054053 051051 052053 054055 053049 046051 054046 047046 054054 046047 047047 048048 050049 050047 054054 050053 050046 051051 046051 051052 050048 054049 050054 049053 052046 048054 055049 051051 047046 052046 055047 051055 051055 053055 048049 055053 046048 055055 055055 049046 050050 054048 051051 051052 050052 046051 054053 054048 052051
i405, 054047 050051 047054 055049 052051 046046 052049 052050 055050 053050 047050 055046 051052 048047 054052 054051 049051 053054 046049 049055 051047 049055 053051 046050 046050 048050 051047 047046 055048 048050 049050 052055 054048 050046 052048 055046 049047 049051 054052 047047 046052 051050 053049 047051 048052 055052 054051 052050 048055 048046 050047 049053 048051 050054 046046 049046 051052 046047 052053 050051 052052 055049 054053 047047 052046 050046 054055 055046 051047 051046 047055 053055 051048 050048 050051 052052 047055 046051 047050 053048 055046 049046 046054 050047 054054 053048 047054 051053 046055 054048 048047 047048 046052 053048 052052 046050 053054 052052 053053 050051
i251, 047046 047048 047050 055051 050053 049047 052052 050049 046052 049055 049047 053046 051054 054053 052053 048054 050051 048048 048049 051049 051051 054055 054049 047046 047050 048050 046051 051050 051048 054051 051055 049049 054055 048047 054046 051052 050049 049049 050052 051046 050053 050055 049053 053055 050049 047052 048051 052052 055048 051048 050048 050051 051046 049049 050046 049055 049049 052052 048052 051054 054052 047048 048049 046047 055054 054047 048048 047046 055055 051051 052051 054054 049053 049048 054054 048046 047055 046047 051050 051048 046054 047047 046050 048048 049053 053049 048047 048054 054055 052048 049047 052055 048049 047050 054050 048046 055053 055048 053053 051050
i289, 047054 051053 055047 055053 054048 047046 055048 046049 046050 049055 047047 047055 051054 054054 054053 052054 049049 047048 046050 055049 054054 050049 050053 049054 050046 050055 051051 052051 048048 050046 051055 052050 055048 050053 048048 046049 051050 049053 054052 055055 046051 046046 047046 055047 054052 050054 055048 052050 047048 048055 050049 050049 055046 054049 053051 049051 055054 055052 052055 054052 051052 047051 048048 053047 053050 053047 049047 051055 049047 047051 051051 048046 048051 049046 054053 046049 054047 050046 046051 048053 052046 047052 054055 049047 049055 048053 047047 055048 053055 048050 048051 050053 049046 054054 055047 048048 046048 046049 050054 050050
i726, 054054 047051 055048 050055 046050 046049 049051 050054 050049 052050 050049 049048 054046 046055 047055 054054 049049 054047 048053 055051 054046 050053 053053 053054 046052 052052 051051 052052 048051 048049 051046 046051 054048 046052 047052 048046 050051 049053 050050 046047 046048 054046 048052 048047 053049 046046 055055 052054 048051 048048 050049 053050 051047 050054 054046 046049 051051 052055 047055 054054 050054 053051 048048 047047 055048 054052 047046 050053 047052 053050 051052 048048 051051 052049 054054 049052 053055 050048 052055 047047 049046 052049 051051 048051 054054 054052 047048 046048 054050 048055 049047 050052 048051 051048 048047 051048 047046 049049 049049 049049
i486, 054050 050055 050048 050055 054050 049048 055054 050055 046054 046053 046049 050051 055054 046054 047047 049047 049049 055047 049053 050055 046051 047048 054050 046050 050055 052052 048051 052051 051048 050048 046051 053049 051048 050052 049050 049048 053054 050048 050048 049053 053052 053055 047046 048055 055048 047050 048054 047050 047055 051048 049049 053053 051051 053054 049054 053049 051049 055046 054050 054054 047047 047053 048048 049051 053053 050050 053050 046046 049052 052054 051048 050048 051048 053052 054051 046048 053047 055053 052051 047051 050049 051053 055047 048050 054051 048052 047055 055055 054053 050048 052047 052055 048046 051054 054054 048048 046046 051049 049046 052053
i233, 050049 050053 055050 054051 054054 047051 052055 055050 049046 052055 047050 051050 051051 046053 049053 049055 052051 055048 049049 046055 051051 050055 051053 046048 052048 048050 046051 052051 051051 052048 055055 053048 054051 050046 046054 048046 050048 047054 050050 046052 049052 048053 047048 055053 054054 047055 048048 055050 048047 046048 055049 050049 052051 054048 055054 049051 052053 052046 052047 048046 052051 046053 048048 047050 055055 054053 054048 051047 052055 051054 054048 053055 048054 052051 053049 055054 054055 053048 054052 052046 046049 047052 046051 048046 049055 053055 053047 054048 054050 048048 046051 055050 047053 051048 048049 046048 053054 048053 049048 050053
i560, 047052 055047 051047 050052 054054 048048 048052 055050 046048 049052 047047 050047 052054 054054 054052 052052 049049 048055 049049 049048 051054 050049 048053 049048 052047 055055 051051 048052 051051 049051 051046 050055 048046 050046 046052 054048 050046 049049 054048 049047 049046 055054 055053 048053 049047 047050 054048 050052 048048 048055 048050 053050 051047 050049 046051 052050 048046 046047 048048 054047 051051 047047 048049 054054 053054 046048 050053 051047 048049 051047 051052 053048 051048 047049 054054 048048 055054 050055 054055 047051 049052 048052 054046 055055 055053 052053 055047 051054 055051 055055 047049 052053 049049 048051 048049 052052 053046 049053 050052 049051
i581, 047047 051055 047050 055050 055054 048049 055052 054051 050050 049052 055047 051046 052048 047051 053047 051054 054046 051053 049049 046048 054051 049046 050049 051048 046050 052052 049049 046052 053050 046046 051054 054054 052048 050050 054053 050052 051048 047049 048050 049053 046052 051054 047047 048047 053055 047050 048048 052048 055047 055050 049052 053050 047046 054054 055046 051049 049051 051046 048055 054050 053050 046047 054049 047047 053050 053046 055054 046049 051046 053048 052047 048054 049054 053051 051048 048046 055047 047055 050051 051053 049046 051051 048051 047047 055047 053049 047053 054054 055052 048055 049053 052050 051049 054047 047048 048046 051046 051049 049054 052053
i554, 053054 053049 050055 050055 054054 047050 052047 046046 053052 049049 047053 046051 050050 054054 052047 049047 052049 048052 049053 053049 051054 055047 051048 053050 049047 050048 051055 051047 048055 048049 050048 050053 051051 047050 049047 055051 050054 047049 050053 051053 051048 053055 047048 054048 047049 054050 055053 048052 051053 046048 049050 052049 052052 054048 054046 050054 049052 055054 053055 047054 052047 047048 048048 047054 055048 048047 047052 046046 055055 054051 051054 054054 053054 055054 049049 050049 047055 055052 051046 052051 052046 049052 054046 051048 055053 049053 055049 051048 054054 055048 050051 050050 053053 052050 052051 048048 046048 054046 050052 053052
i546, 047050 054048 055055 055048 048054 048047 052049 050046 046046 049049 047051 049050 052051 055055 047049 053047 047049 055053 047050 046049 049054 049048 049050 048048 052050 046050 049051 052051 051048 048049 051046 050055 048054 050050 052048 047054 049046 054049 052052 054049 053046 052055 047047 051055 052048 047048 048048 052054 048049 046048 053048 047053 046047 048054 050048 049049 049052 046046 053048 054051 047052 046048 048048 051049 047052 052052 049046 049048 049055 052048 052051 047051 051051 052049 048054 048052 047055 049049 055052 053054 046052 051049 054047 048048 055054 053053 047047 054049 055055 049048 051049 050050 048052 054048 054048 048046 053053 046049 053049 053047
i72, 049050 049048 050050 050055 054054 047048 052055 048050 052050 052052 047047 050046 048050 050054 047047 054054 051049 055048 052046 049053 050054 053049 050054 048050 050052 052052 051054 047050 050048 051053 047046 049055 048048 047046 053046 054052 054050 054049 054055 047049 046049 055055 049047 048048 052047 051050 053048 052050 055054 050048 049047 053050 047046 049053 047054 055050 055049 055052 055049 051055 050052 047047 052048 055047 055053 050050 053050 051047 053051 055047 048049 054054 049054 051048 049048 046052 055047 052055 050051 051048 055053 047054 049051 050047 055055 053048 047047 054048 055055 055055 048049 050052 046047 049047 048048 046050 053054 046055 054052 054054
i35, 050049 048055 047048 052050 046054 048048 051049 054051 048052 052050 047047 050051 051048 054051 047047 052049 049048 046049 047050 049046 051054 049047 050053 048052 046046 052052 055051 052047 048051 048049 050055 054046 054051 055049 048048 047049 054046 054049 050050 049046 046048 053049 050055 053048 051054 052047 048048 050048 049048 046048 052049 046050 047047 054053 054046 049046 051054 046046 049047 051054 047054 055047 048052 051055 055055 047054 053046 047048 055052 054053 051052 047053 048052 048047 054054 048054 047055 048054 055055 047047 053046 054052 053051 053046 051053 055053 055049 055054 055053 047053 048047 050055 051048 049049 048052 051051 046047 049052 055049 052051
i382, 047048 055053 050054 052050 053046 048048 054049 054049 055055 052051 047051 051051 048051 055047 054052 051049 049054 052047 053049 047049 051051 053053 050053 054054 047046 050055 051051 052047 050055 054046 053055 049054 048054 050050 052051 046051 048050 054049 054055 049053 046054 055053 054052 053049 047048 050046 048048 054050 053047 052046 049049 049053 048048 052054 046049 049049 051051 047046 053055 047054 051052 049048 053048 050050 053048 053046 048055 046047 051052 054051 051053 047048 048053 050052 050051 052046 048053 055050 052055 051047 046046 052052 053046 048046 047053 053052 053055 054054 055055 047048 048046 050053 053051 048047 049049 048048 046054 053049 046050 052053
i591, 054054 055053 047050 055049 046054 050052 048052 049051 046046 046052 047050 050055 052051 054054 047053 054054 049055 047054 050046 048048 051054 053055 053051 051049 046050 055055 049051 048051 048051 048046 051046 048055 052055 048046 046052 046051 047050 053049 054048 055046 052052 054055 055049 051048 051047 048055 048048 052050 047048 055048 049050 047054 049051 054053 046053 049046 049046 054051 052049 054055 051047 048047 054055 055051 048055 054053 050055 047046 051049 051046 051052 055053 051048 049048 049055 049054 047053 050055 049047 047048 046053 049054 051055 047047 055049 049049 053050 048051 055050 048055 049051 053052 048050 047052 052048 048046 054048 055053 053053 051051
i167, 047047 053054 054048 047047 054054 046048 049052 048055 055046 050048 052047 055046 054050 053047 048049 054049 050048 048053 053049 046048 051051 051049 050046 048050 046047 052046 049049 046051 051048 050052 049049 054054 049048 050050 054049 046051 050052 049048 048050 051051 046046 054055 046049 055048 052052 052047 051054 052052 048048 048046 049048 053049 051052 053053 054050 055049 052051 054052 048046 047055 051054 047047 048054 047050 053050 053050 047052 046047 046047 054048 047048 052048 051055 052052 049054 046054 055054 049051 051055 055050 055052 052050 051051 055048 051052 053052 050047 054054 055053 053048 046050 047052 048049 051047 047051 052052 054046 052049 048053 052050
i628, 054047 054054 055050 055055 050055 048048 055052 051050 050055 050050 052047 051050 046046 046055 050053 051054 055047 047048 050046 049051 046046 046049 050051 053046 055048 052052 051051 049051 051047 048050 050055 055049 054051 049047 053053 054051 055052 049051 051050 055053 049052 046054 046055 047047 052052 052047 047048 052054 047047 048050 050052 049054 054047 049054 046055 049051 046051 050052 048052 053054 052054 047052 054055 051050 047053 054054 050055 046052 048051 053049 047051 053046 051048 050049 051050 052048 055047 050050 050046 047046 052055 052048 054046 050048 053053 046048 053050 048054 055053 047050 051046 052050 053046 047051 048051 048048 047054 055052 049047 050049
i242, 049052 048055 052050 050055 050047 049049 049052 046051 046046 046055 055049 050047 055052 054055 051047 054054 049049 048048 049049 055051 054046 049048 048053 048048 049050 054052 050051 052050 051048 050055 055055 055053 048048 050049 053046 052049 050046 055049 052050 049055 052052 050053 054049 053051 050052 055052 048055 052050 047055 048048 051048 050050 051047 048048 049053 046047 051049 054051 049046 050048 047052 047053 048048 049053 050050 047049 055050 047050 055052 048054 052053 050055 048052 048050 051054 046049 047047 050051 050050 047047 050050 049049 047054 055048 046054 054053 050053 054052 055047 048048 048051 048053 048049 049051 049050 050046 054055 046048 053052 050052
i230, 047054 055047 047055 051051 047053 052049 046052 048050 046050 046050 050050 051049 051049 053055 055049 054051 049046 048047 050052 046049 051051 050049 048048 048048 050046 049046 051051 050052 048050 048052 050046 050054 048054 053050 049053 051051 046048 053049 049048 053052 054049 051053 047047 052047 047052 047055 048055 048052 048048 052055 052050 047047 047051 048053 054050 046049 048049 046052 049046 054051 052051 047047 055054 050049 053055 054052 053047 051048 047048 054052 051051 051054 051051 046052 049048 053046 053047 054055 054050 047051 046046 052052 047051 047055 052055 055049 047050 048055 053054 049047 048049 053052 047051 050052 049051 053050 048047 054048 053048 052052
i658, 050052 050050 052050 052054 055054 052048 055047 050050 050046 050050 047049 049050 051050 050055 048053 054051 049051 047047 046047 055055 049048 049046 049050 054048 046047 047055 051051 050052 050053 055049 049046 055049 048051 053049 046046 051046 050046 055049 050050 055048 054052 055046 055049 047051 052052 050046 048048 055052 048048 048055 050047 047049 050051 054053 054047 049052 046046 055046 046046 055054 050054 052051 047047 047049 050046 054055 052053 049051 047051 051050 054051 054048 051051 048052 052053 050052 051055 052053 055051 051051 055055 049052 046046 048048 055052 048050 047053 051054 047053 049049 050050 050048 054048 052051 052048 050052 054054 052049 046048 053052
i366, 050050 050048 055052 052055 054051 048048 052048 048050 053046 048055 047047 050046 051048 046046 047047 054054 052050 053053 046049 050050 054050 049049 053055 052054 047047 055048 049051 048046 053050 048054 046046 053054 048048 050050 048046 048052 051051 049049 052050 050055 046049 053046 048055 051055 048052 052051 048051 046048 051047 049048 047055 053050 052047 049049 047046 049050 055049 055046 046046 050054 052052 046048 055054 049054 053053 053054 050052 048055 055047 055053 046052 048051 052051 046049 054049 046048 055055 050053 051054 047052 055051 049049 049051 052053 047053 054052 053047 048050 055055 047048 051046 050054 049053 051054 054051 050048 053048 052049 049049 052053
i270, 049050 050053 052047 050049 054050 051047 052049 050049 046046 046048 047051 049047 052050 055054 053053 047053 049055 048055 050049 049049 046046 048053 054053 050048 055046 054052 051049 051052 050048 055046 049050 054054 051048 050048 052054 049049 047047 046049 050052 046049 050054 055055 046048 047047 051047 055047 055048 054050 055047 050048 049052 050053 047050 050054 046050 049047 052046 052051 048048 054054 055051 047050 048054 047054 047049 052047 055050 048048 055049 054046 054051 048055 052051 047046 049055 048048 053047 053050 051052 052047 053055 047049 055046 050047 054054 049046 055047 053054 053055 051047 049048 055050 048048 051051 052047 051048 055054 053046 052049 050052
i354, 050054 055048 047053 050055 050054 048046 047048 048049 046046 052050 047047 055046 054050 046046 052055 054053 046050 051047 049053 048052 053046 051048 048053 054053 049046 055055 051049 052051 051048 050050 051055 053054 054054 046048 054046 048052 054049 053049 048050 047048 046048 052048 053054 053048 050046 047051 054054 052052 047047 048048 049048 050049 051050 054053 055048 053050 046049 051046 051054 054052 052054 046047 052048 054050 047048 054052 050050 048049 052051 047053 051053 050048 051048 052050 049048 050048 047055 049054 053054 051053 051049 050049 053053 052050 051049 055055 049047 051053 054055 048055 047053 055048 053048 047047 051049 051048 055049 052048 052050 054051
i150, 047049 047055 050048 055055 055054 050049 052055 050054 050050 055054 047047 055050 054051 054046 047049 048054 046049 047049 053053 051049 051046 048049 053053 046053 050054 052049 051052 055051 053050 052046 055055 055055 046051 050046 052050 049046 050046 050049 050048 046052 046053 053054 047049 047054 052046 047051 048048 054050 048055 046050 050050 047052 051047 053053 054049 049047 055049 054046 053053 051050 054048 047047 048046 055051 053049 050054 047046 046053 051051 047046 054047 050055 051051 049055 049054 049046 054047 048048 050055 049050 047052 055052 051047 048047 051049 048054 047047 055049 055054 050047 048048 050050 046048 047049 047049 046048 053054 053049 049052 054051
i601, 048050 048053 050053 050050 053046 051048 048055 046054 046053 055052 047053 051055 048054 048047 049047 049051 049051 048053 053049 053055 049051 050050 051053 054048 054050 055053 051049 049048 049048 051054 050046 053055 048051 048052 054052 052055 047050 049055 054054 046050 046050 055046 051048 055047 052052 047046 055047 053052 048048 046053 050049 047049 046055 048054 047055 049051 052052 055055 051053 046049 047051 047047 048053 051050 053047 047052 046055 050049 051055 049052 050054 051048 052051 052050 051053 051055 054047 055055 055047 051052 053053 049049 050047 048048 051053 055053 055055 053055 055046 055047 051054 050050 049048 048055 051048 050048 046046 049048 049052 053049
i594, 049050 050054 051050 050050 054052 049055 051055 050048 048053 052052 049047 046051 046054 051054 050050 054054 051051 048055 048053 050051 051051 050055 050050 053054 055046 052047 051055 052055 055048 046046 046050 049055 054054 050053 046050 053049 053053 049054 048051 051053 046052 055051 055053 049047 052050 047052 047048 054055 051048 055048 049048 052047 051046 048053 053055 049053 046049 046046 053051 055051 052051 050051 055048 046046 053047 055049 054048 050047 051055 051052 053053 054048 052051 055047 054049 050046 054047 050048 051054 049052 052052 052054 050048 047046 051048 053055 047055 047051 053054 047055 048051 050052 048052 054052 051053 052050 053050 055054 050055 047050
i428, 050046 053050 050047 049049 053054 048046 055055 050048 055049 048050 051049 055051 050051 047053 053047 051054 055054 055047 049049 050055 047054 055047 048054 048046 050050 049052 051051 049054 053055 050049 055051 054054 054055 050054 053047 049047 051046 054049 047050 047052 052046 046055 055046 054047 052049 051047 048053 052052 049048 050048 050049 049054 052046 048051 054054 049049 048052 055055 048051 052054 052048 049050 048048 048050 053050 047052 053055 046048 051055 048054 051054 047054 051052 046046 053050 051050 054053 048053 051054 051051 053046 052051 054053 055053 053055 052053 047046 048055 051053 053048 046051 050050 046050 046054 048051 052050 051046 049052 052053 051052
i506, 050051 054048 054047 049052 052048 050047 054052 050050 048055 052052 054049 047055 052054 049055 055052 054054 050046 055048 053049 055050 051047 049048 053047 052048 055046 052052 051052 048047 051048 048052 055047 049046 048048 049050 053050 048049 049053 049049 055052 055049 050054 046055 048055 048055 053052 047050 047048 054051 049047 046048 050049 053050 051051 053054 054055 055049 052048 048052 047048 046049 053047 047050 048048 051046 053046 054050 053048 048053 051048 047051 047053 048050 051051 049051 055051 048048 047052 049051 055051 051051 055053 049048 055047 047048 055049 052048 055053 055051 055048 048047 046047 052053 049051 054047 055051 051048 047054 052055 055053 053051
i432, 050046 051050 055050 047050 051050 049048 051052 054054 053050 050046 049047 050050 048055 053054 052053 054047 046054 048050 053053 053046 054046 050050 050048 046048 048047 050047 052051 051047 053050 051048 055048 050050 053051 050052 050051 048055 055051 050051 055053 047051 046054 050046 047047 049048 052053 052050 048048 052047 048049 049046 049049 049053 051055 048054 055053 049046 049055 052055 053048 054046 051051 047046 051049 054055 052050 052049 051055 048050 051055 051046 052051 053048 054054 053049 055054 054046 055054 048055 055052 048048 049052 047052 053046 049053 052054 055055 047047 054054 052051 055049 053047 050050 048048 050047 052047 052052 051048 055049 053050 051052
i635, 054047 053050 050047 050055 054051 051047 049055 055049 046050 052052 047049 050055 051050 054054 055055 054047 050049 052055 053050 049046 046046 048047 050049 046046 047047 048047 051051 048051 048051 046052 052055 050055 048054 052050 046049 049052 054051 047049 050054 055046 052051 053054 048053 048051 048055 047050 054048 050048 055046 048048 055049 047048 046046 053046 046046 051049 051049 052053 049046 054047 047047 050046 052048 051047 053049 050050 046050 049047 052051 051054 051052 053048 053053 050047 054055 046048 047053 050048 051051 051053 052055 048051 046051 048055 052054 049049 055055 055051 052053 055050 047051 050050 049048 054046 048049 048050 046051 049053 050049 050052
i625, 050047 055055 048050 050053 054053 047053 055048 046046 055053 046050 047047 049046 048051 054055 053047 052054 050046 051047 049047 055055 046051 046049 053052 050046 046047 050052 055055 048054 048053 052046 055049 055055 048051 050051 047046 055046 050050 049049 050048 055046 046053 055050 046053 053048 046052 047046 048051 048047 049049 048055 050050 053053 052051 051053 054046 050047 046046 051055 054053 046054 048052 047048 048052 049049 053054 052050 046046 046047 051046 054052 051054 048046 047052 049049 048048 055052 047050 048055 051051 051052 053052 049052 054054 048053 055046 055053 047055 050052 053054 048054 047052 054053 047049 047048 047051 048050 046047 051052 054046 053053
i17, 047050 050049 055050 054050 054054 046047 052055 050046 050046 052049 049047 046051 047046 054046 048047 052051 048050 047055 047047 049055 051054 055050 051054 053050 046048 052055 051051 050051 048050 048048 055055 050049 048054 052052 054053 054051 055046 049049 052054 049055 046050 051053 054048 055049 048052 054046 050048 053052 047047 048048 054050 049049 054047 052054 054054 047051 055046 046048 052053 046052 051048 050049 054048 050052 050053 054053 053050 048048 049052 051051 048051 050054 054046 050052 049048 054055 053053 054050 055052 046046 055055 052052 054046 055048 051053 049054 052055 048054 055055 050049 047051 052050 047049 049051 048049 048048 051046 048054 054055 054047
i134, 047050 055047 050048 051049 054054 047048 049048 054046 055055 052053 047047 046053 052051 053053 047054 054047 051050 053053 053049 048055 046054 049050 053050 048054 055050 055055 051051 046054 053051 055046 050055 052052 049051 050050 046054 049050 048050 049052 052050 047055 049054 050055 052053 048055 048052 047047 048048 055050 055048 055046 049055 051053 055047 054050 046046 050050 053055 046046 048047 051054 048051 053051 055054 047049 046053 055055 050050 055051 052055 054054 051053 048050 046054 055051 051049 052055 047053 055048 055053 051052 049053 047052 053054 048047 055052 053053 050053 054048 047048 048055 046051 055050 048048 051047 048054 052046 048054 049048 048050 053053
i490, 054047 053054 050055 055047 051054 047048 055051 050055 052046 052052 047053 049049 052051 054055 047048 055051 049049 048046 049050 049048 051054 055055 047050 052048 046055 046049 047051 051051 049055 052050 049046 055051 048052 048050 047046 051049 051047 052048 051054 046047 046046 054046 048055 055049 048048 055051 048053 052053 047046 048048 049049 052052 051046 049048 054049 049050 051046 052047 048050 054055 050054 050048 048048 050047 047053 050047 048049 048046 047055 051051 048048 048053 052054 052046 046048 052049 047055 048055 055055 047047 049052 054055 054047 055048 046053 053052 047046 054054 055055 048050 048048 050050 046049 054049 052053 050051 054048 049053 053054 054051
i406, 054047 053055 055048 055055 055046 046050 049055 048047 046054 046053 047047 049051 052054 054054 052052 051054 049055 053047 049053 051046 051054 055047 053051 048046 046050 052048 046051 049051 051048 048046 051050 049054 054054 050046 047051 048051 051049 049049 052053 046052 054052 046055 053047 051049 052053 050052 055055 050053 048047 048046 052054 047047 048052 048054 054050 055049 049049 054054 049054 051054 052052 049048 048048 047046 046055 054050 053047 053048 055049 054052 050054 050050 051051 055048 051051 051051 047047 054046 051046 051051 046052 051051 046047 048050 055051 049048 047055 051054 055055 048048 049047 050050 053049 051054 047048 052046 046053 048053 053049 050051
i327, 049050 055050 050055 050047 054047 046049 050049 046050 055055 050055 047049 050046 050051 054053 048047 054054 051049 048051 046049 051046 046046 049055 050053 048052 050046 048052 055049 052049 050051 049052 046049 055054 051048 050046 054049 052048 049054 049049 050051 051051 048053 055054 048047 054049 046047 046052 048048 052048 047047 048048 052050 054053 052047 051053 051046 047048 049051 055055 048054 054050 047052 055047 048052 055055 047055 050050 047046 047049 051049 054051 051052 050046 051052 052049 055054 047049 047047 050048 054055 048048 048049 049052 050046 048053 047055 048049 055055 051050 054053 053051 046048 046048 049048 049051 055051 046052 053046 053055 054053 053052
i368, 047054 055053 048050 054055 047048 048048 055052 050054 046052 051052 047047 050051 050052 049053 049052 051048 046046 053055 053054 049048 054051 049049 048050 048050 046050 052052 051051 049052 048048 048051 054055 055053 053048 050050 053046 048051 047049 054051 051054 048052 049052 054046 047049 048049 048049 046048 048055 054050 055049 048048 054050 054049 051054 053048 048055 051049 052046 047054 048047 050055 050051 048047 052048 054055 047053 053053 048052 047047 055049 048054 052051 048052 054051 051050 054055 052050 046048 055053 050046 047047 052046 049052 046049 047053 055055 054054 055047 051048 055046 049053 046049 052052 051047 047054 052054 046050 046046 048049 054052 051053
i495, 046050 053050 054051 049049 048054 048048 047052 046055 047050 055052 049049 053049 052051 047051 053046 047049 051051 053055 049049 049048 051047 053049 053053 047048 054049 048052 046051 051050 048055 054055 055055 053050 048054 050051 054054 048051 046047 049053 052050 051048 054048 054046 048049 047053 054047 050047 048055 052048 047047 048051 049050 046053 046051 048054 055054 048046 055052 054046 052055 054048 050051 050047 055052 047047 053053 052052 050055 048046 052052 046046 051051 046050 049051 049046 054054 046054 047053 049055 046055 047047 052055 052047 046049 055048 051053 052053 047047 049055 055051 049048 051048 048052 048046 048047 048048 052052 046046 046052 054052 051051
i196, 046050 047053 050051 050050 051048 047049 054049 051048 055046 049049 047047 046046 054051 054047 054047 055053 048049 053052 049049 048048 051046 051049 055050 053048 046047 051049 051051 054050 051050 051048 051046 054050 051054 046052 054052 046054 050055 049054 051053 053055 048054 046054 049047 055052 053052 054055 048053 050051 049055 048052 047050 051050 054046 054049 053055 049049 052055 050053 048052 050055 047051 047050 048055 050051 053047 053053 046049 055046 052055 052048 051051 054054 051051 049048 049054 046049 055047 046048 046051 054047 046053 054052 049055 047047 047053 055055 046050 054051 050054 055047 051051 048048 048048 047054 051054 048046 055046 052053 052055 051050
i162, 050054 053047 047050 052047 051048 046048 052049 052046 048055 055052 047047 046055 053051 047054 054047 047051 048049 055053 049049 048053 054054 049048 050053 052048 050049 049052 049051 047047 048051 049049 050046 055050 048054 054049 046048 049048 046050 054053 054053 055055 049048 048050 053047 048048 052055 050053 051048 050052 048048 048048 054051 051049 048046 053054 046049 049049 052052 053052 046047 046055 054052 050046 048052 049051 055046 054047 050054 046048 049055 051053 048051 048054 046051 047052 054054 050048 055047 055048 055051 051054 049046 051055 049049 053048 051051 053055 052054 052054 048053 047053 053051 050053 054048 049051 054049 052046 054047 053052 049054 051050
i78, 049049 053055 050054 055050 051050 048049 048051 049050 053048 052052 049048 051050 051054 047054 048049 051054 046048 048049 049047 053051 046054 049049 048051 050048 050046 046055 051054 051050 048048 048046 050055 052054 048048 052046 046046 051051 049048 047051 048050 049053 048049 054050 047055 051048 052052 052050 048055 050052 047055 052048 050050 053053 046046 051052 046051 050053 052051 046052 053055 054054 047053 050046 047047 047049 047053 049053 046048 046048 049052 049052 054051 050047 049054 047049 053055 048052 047055 054052 055054 048050 054051 049047 051051 048048 051051 053054 047053 054048 052048 055048 051049 055052 053046 048054 049051 046051 046054 046048 054053 054052
i639, 050048 049050 050055 050051 055046 047050 048049 054050 046047 046046 047046 050050 052055 055046 052052 054046 050049 051046 053049 054049 048054 048050 050048 048049 046046 052055 052054 051049 053048 050053 049055 053055 051054 050049 053046 051049 046054 049055 052050 055048 052052 049054 052048 047054 054052 055048 048051 054053 047048 052055 048049 053050 047048 048053 055051 049046 049052 055051 051048 054054 048047 048053 052052 051051 053046 047054 047046 047049 052055 054048 051051 052046 054054 052049 046052 052049 047047 054048 054046 048048 053052 049055 046051 047050 052051 049046 047047 047050 050050 053050 049049 048047 053049 046049 048052 050052 046054 053054 053050 051047
i193, 048050 053054 055052 050052 050052 049052 049051 050046 052046 052048 047053 051051 052051 048046 052051 054047 047050 053055 053049 049053 054054 048049 050053 048046 050055 055048 055051 052048 050048 051054 051050 055050 051054 048052 046053 052052 047046 049055 050053 046051 050048 049050 055047 055048 054052 055052 055048 055050 047048 048049 055049 050049 046051 048050 046053 046052 055052 046055 052047 048054 052051 047050 048048 047055 051049 050054 046048 048047 051047 054051 051051 054050 048048 053049 054048 048049 047047 050050 054052 051047 051046 052051 047051 047047 051055 049048 047047 054050 053055 048053 051051 052053 053048 054048 051049 052051 053051 049049 048048 055052
i759, 050054 047049 048055 052050 048054 046048 055055 050050 050046 052050 047052 050055 051052 051054 047047 051047 051049 053050 050049 046053 047054 046048 053051 050048 046050 055052 051049 048051 048050 055048 050047 053050 054046 050050 049048 048048 049047 049049 050048 046048 046049 054055 047048 047054 054052 055050 048051 052048 047048 048046 048049 050053 048052 052054 046046 049053 052055 052054 046051 054054 047054 047047 048048 054049 049049 049054 046050 055047 047052 051054 051048 050048 051051 053050 049047 050048 047047 051049 055054 048052 052053 055049 048051 053055 055053 053053 050047 054050 055050 047047 049047 048052 049053 049051 051049 046048 051054 046055 053048 049052
i682, 046050 050048 050047 053055 055051 047048 051049 050049 052050 055050 049047 051055 048051 046054 050052 046050 049051 053048 053053 049055 048054 053055 048049 053054 050046 047050 051051 047052 048051 048052 055055 053049 054048 054048 052052 048055 047049 049049 050055 048053 047046 046055 048051 047055 054052 050052 055053 054046 048048 048046 049048 053049 052046 053048 055046 050049 052052 054047 046046 051054 048052 047053 048048 047055 047047 051054 054050 046047 049047 050046 051048 053048 052054 049046 048049 048048 049052 048055 055047 047047 055046 047054 055051 051055 054049 055055 055055 051055 050050 048047 047048 052054 047046 051048 049052 046046 047046 049046 050053 053053
i607, 051049 055050 051047 055052 050054 046047 055055 050051 046047 052050 050047 049051 051051 048046 050052 052053 051049 047052 053049 053049 051054 048046 051050 048054 050046 055052 051046 051052 048053 048055 051046 054053 051048 050046 053053 049054 050055 047049 053048 055051 054053 050053 049048 053053 053052 047055 051051 048054 047055 048048 055049 047053 055051 054053 054046 053046 052049 052052 053052 054052 051050 047047 048048 049055 050053 054053 050054 048053 049049 052046 051051 048054 055051 047049 054053 048046 053054 048054 051054 047048 046052 052049 051046 048055 046049 052049 053046 055055 046054 055050 046047 052050 046051 055054 047053 046048 054054 052052 049049 047052
i348, 048054 053049 055050 055049 054048 050047 051052 046050 052050 050049 052052 050051 051051 054054 052046 054050 049051 055049 050053 046049 047051 050046 051049 054050 048050 046050 051055 046046 055055 055048 055050 053054 051054 049053 047051 051048 050046 055049 053055 055046 052053 047055 052048 049049 052052 047055 048054 050050 049055 048048 049050 047053 046047 054054 054046 055052 055049 054047 048047 054050 052051 052053 052054 049047 053046 047052 047046 048046 049055 052051 048051 054048 054054 051048 053046 052048 047055 053046 051051 054047 046049 047048 051046 048047 055053 052053 047055 048054 051054 048048 048047 053055 053050 047046 048047 048048 053050 052049 046054 054052
i326, 047047 050047 048055 053053 050054 047048 055048 046046 048051 050046 047049 049050 048051 048054 047047 051055 054051 053051 049053 055053 054051 049049 048047 054052 050049 053050 051051 048050 048055 048049 054055 050055 054051 050046 054053 047047 051046 055049 053055 053053 050052 046054 055047 048055 047054 050052 048048 054055 048049 046048 052048 051053 047047 049050 053054 049049 053055 054046 053051 054054 052050 051047 048048 055049 053054 052050 054048 046050 052051 052051 049051 047054 054052 053054 055054 052047 053047 050055 052051 051047 055051 052050 050054 047052 055053 055050 047047 055054 046054 047055 048046 050053 049049 055047 050053 048050 051046 052049 050053 049051
i680, 047047 053048 050055 049055 050046 048048 055055 050054 046055 049055 048047 050055 054051 051054 054051 054048 055051 048053 046049 053050 049046 046046 053050 048051 047047 052052 049051 046048 051049 049055 055052 052054 054048 050048 054050 048048 050048 054049 050048 055047 046048 046054 046055 047048 052053 055055 048048 052050 051048 048046 050052 051048 047051 048049 046046 054049 055046 054050 052049 050051 054048 050053 054055 051050 053053 050052 050047 046048 052052 049046 051051 054053 054051 052049 054054 048054 052049 046048 052055 046055 052046 049047 046046 053052 055051 048055 047050 050054 054055 047047 048051 050050 049046 049048 050051 048052 051050 051049 053050 053051
i179, 047053 055048 052054 052052 051047 050049 052049 050054 046046 055046 053052 046050 051048 054053 047047 048047 051049 053051 054050 053046 046051 048048 050050 048046 048046 053050 046055 046051 050050 053049 050051 053050 048051 054051 052047 051047 050049 050049 055048 052049 048046 054046 048048 050055 052052 055051 055054 054054 047055 046049 052047 050047 051051 053053 046055 047047 055047 052054 053047 054055 047053 047049 048048 054051 053053 047053 046049 046048 047055 054054 049051 047054 051053 047049 054047 050052 052047 048048 054052 055048 052049 049052 046050 048048 053054 054053 053053 051051 054051 048048 051055 048048 048048 055054 048051 050048 047054 055049 048049 050051
i82, 047047 053048 054055 052050 055054 046047 052052 051046 046055 053048 047047 050050 055048 053054 047055 051054 049054 055047 050054 054046 049046 047050 049048 054054 047047 047055 051051 052051 053046 049048 053050 055053 048053 055052 053053 054054 047046 049054 054055 049049 049052 055050 047055 053055 047046 047050 053051 054049 047049 046048 048050 054053 046051 051054 054054 049049 055055 054054 052053 055054 051054 053048 052053 047047 050054 052052 048053 051049 055055 051052 055054 049048 048051 048049 051051 052051 053047 046048 055055 052047 053052 054048 053051 053047 046055 049046 055046 055054 050055 047047 051046 052050 050053 049054 051052 046046 051048 051053 049049 050050
i106, 047053 050050 053047 053055 046053 048048 054048 050054 047046 049046 047049 053050 051051 054048 055055 051047 051050 053048 046052 046048 047051 048050 049051 048050 046050 050052 051050 051046 048051 046048 049048 054054 048054 050046 049052 046046 049046 049052 050050 053052 051047 046048 055055 055049 054048 048052 051047 052050 048047 048052 050048 047053 051051 048054 047055 052052 052052 046054 055048 050054 052052 049047 052046 049050 053050 052053 048049 053055 052049 052048 048051 047054 052054 048049 053054 054046 047047 050051 048051 050047 049053 051055 053046 053048 053055 052053 054047 048054 055054 048048 047051 053053 055046 050052 047051 050050 048053 046048 055050 051053
i443, 047047 048053 055047 050055 050053 047050 055049 053050 046046 046046 047047 046051 051052 055047 047055 049051 049049 055048 049050 046049 055051 050049 051048 046046 050050 055053 046049 052052 055048 048054 055054 054049 051046 050050 053051 049052 049046 053047 055050 053046 051054 046055 047047 047047 052049 048052 053055 050054 048048 051055 055046 051052 048054 053048 053046 049053 055046 054052 049046 054054 051051 050053 048048 050051 054053 050048 053050 048048 055052 046055 051051 051054 051054 052052 051054 046052 050051 048051 051051 050051 052055 047049 051054 052055 051055 048048 046054 054051 055053 053053 050051 052050 047049 046051 054050 052048 054048 049049 054055 053049
i440, 046049 047050 050048 050052 054048 048051 048048 054054 046052 050046 049047 049055 052052 055054 048047 049051 055051 048055 054051 046049 051051 046048 053053 051055 050049 052048 054047 055052 048054 054049 046046 049054 046048 053051 048050 055046 046053 049047 055050 046055 055053 055050 054055 048055 048052 047055 055054 050050 048049 046048 052049 050050 049052 054051 053050 052050 055052 054047 055048 051055 050051 048055 047048 054047 053047 052050 050050 046047 055048 051049 051051 048048 048054 052049 049053 051048 047047 053046 051055 047047 046049 052055 053053 055055 050049 052048 053054 054054 050054 051048 051051 050050 049055 048051 049054 052050 050055 051051 046048 050047
i305, 049053 053048 047047 054050 046047 050047 052055 049050 048046 052054 047047 046050 051052 046047 055054 054054 049051 052048 046049 051050 054051 050050 050053 050048 046046 054046 051051 051050 053047 054049 050055 050054 048052 055052 054053 047051 047047 049049 055055 047049 054052 049051 055046 054047 052052 050055 048048 054052 055047 048048 050050 053050 047046 049048 046049 047049 051055 053046 048049 046047 054051 047047 052048 046055 048049 048046 050047 046047 049055 052054 049050 048054 055052 050052 050051 046051 047055 050055 051055 048046 050052 055051 053049 050048 047046 048052 050047 054054 051052 048055 051046 050048 053048 051052 053050 046048 054051 046054 054053 051052
i250, 047047 055047 048055 051052 055051 047047 051049 046050 046046 055046 049047 050050 052052 055047 052047 052050 052049 053053 049049 046046 046051 047055 051046 050053 046050 050055 051051 051052 053049 048054 054055 055054 054048 050048 050048 051049 053046 047047 055054 055047 046052 051055 046049 049048 048048 055047 053053 052052 047054 048055 048048 047049 051046 054046 052055 049051 049052 052055 055055 055046 052047 047046 048048 051051 053053 054052 050050 049047 048048 052052 052051 048047 054049 052050 054048 055050 053047 048051 054055 048051 052050 052052 047048 047053 055049 053053 055048 051054 053055 047055 048048 048053 053053 054051 052051 050052 052047 052049 050053 052050
i716, 054047 050049 047048 050055 049048 046048 051054 049052 053055 053050 046049 046050 051051 054046 048050 049054 051051 051048 049049 046048 051054 055049 051050 053054 047050 046048 051055 055052 048048 048055 050055 050054 050055 052050 047053 051051 054049 054048 052052 055053 052048 048053 052048 048047 047052 050047 048048 053052 053047 051055 050055 050050 053049 053053 054055 051049 052049 052048 046052 053054 051048 047046 048048 051046 050052 054054 050052 048046 048055 048052 051048 048048 054052 047052 050051 048051 047054 046046 047050 046051 055047 049054 054055 052047 055051 049053 047047 054055 046055 047047 051051 053050 054046 050049 052053 048050 046046 053049 054049 051052
i603, 046050 055050 052055 053050 053054 047046 055049 048052 050050 046053 047049 047050 050048 053046 053049 049051 049051 048048 049053 054048 051046 048047 050050 048046 048055 052052 049051 050047 048050 048049 050050 054055 048048 052046 046053 054046 049050 049047 050048 055054 054046 050047 055053 048048 050052 046052 054054 046054 048055 048054 050052 054053 046048 049053 050055 049053 051052 046054 046048 046047 055051 046047 055052 051054 053047 053053 050047 050047 049055 052051 051051 054048 051047 052048 054055 052048 047055 046050 055049 055051 051046 049050 053046 048047 052053 052054 047055 048055 046055 048055 051048 052048 047053 046053 054054 046052 054053 048048 048048 050047
i357, 046052 054055 047055 055055 054050 049053 055048 054050 055055 053046 047050 049055 052049 053046 050052 054053 049051 055052 052053 046051 049051 048048 053054 050054 047046 052046 051051 050052 053055 046050 055050 049054 051046 050050 053054 048054 049046 049053 050054 046055 055046 053050 048046 049055 048047 050055 055055 050052 047047 046048 055052 047050 054046 046052 049053 049049 049054 047055 055050 054050 046050 048050 046048 049052 053048 053050 050055 046048 055051 054052 051047 048051 051051 053049 055055 051052 047047 055053 046050 046052 055052 047052 052049 055050 051055 053048 047050 047054 050055 051047 051050 050048 048048 053055 051052 050053 052053 055055 053050 052053
i451, 047051 047047 055055 052050 050048 051049 047048 046051 055049 046050 047055 050049 051051 054047 047052 052054 051051 049055 050047 049051 055051 055048 053053 050052 048055 052050 051051 052050 048055 054053 048046 046046 052054 051047 050053 046054 047050 053052 054051 047046 050052 053046 055053 055051 054048 055046 048048 048055 055055 048048 055048 049049 048051 050048 051046 049049 052048 054046 049049 054054 052054 047048 048054 051051 047050 053054 049050 048046 051051 048051 051051 054050 051051 049048 049054 046055 047047 055050 055050 047051 046052 054049 046051 055053 055055 053048 055047 054054 055055 055049 046051 050050 048046 051051 047054 046050 051048 052048 049053 051052
i252, 054049 048055 047048 051052 054048 048046 049051 046050 048050 046050 047050 051049 054054 054054 048047 054055 049054 050051 049046 050046 051046 047046 052055 046048 046049 052055 051051 054049 050051 048055 046055 053046 055054 054049 046053 053047 049054 049047 048052 053053 046050 046049 055048 048051 047052 047048 055048 055052 049047 052046 048050 050052 046047 053051 055049 049051 047051 055052 048055 050046 047048 047047 055046 049053 047048 049048 046053 051051 048047 054046 051049 055053 051048 049046 054049 049050 053055 050055 055055 051047 053055 049048 046046 055047 047055 054048 047053 048054 050054 047055 053049 050050 049049 048054 053048 050052 054054 052052 052053 049051
i792, 047047 048055 050047 050054 048046 047049 049052 050054 046055 046048 047046 049046 055050 048046 052049 046048 049046 055052 053049 055046 046054 053050 053050 046050 046047 050052 055051 052047 048050 048046 055046 053050 046046 046053 052052 048051 050055 049052 054050 051055 052051 055046 055055 047048 052054 050048 048048 052052 055055 048055 055050 049052 049054 053049 049050 049052 049049 054046 048055 051054 054047 050047 048050 051054 053047 048049 048050 047050 052055 050051 048051 054053 052048 049052 055052 046051 054047 048055 051055 051053 052050 052049 054053 051053 049055 052049 047050 054052 055054 048047 051049 050053 047047 054054 047049 048048 055051 054046 049048 050052
i133, 047047 053051 054051 050050 054054 051053 055052 050048 046051 052050 047047 051053 051054 047046 047049 051051 054049 048048 049053 046046 053046 050055 055053 048048 046050 048050 051049 051052 050055 050055 046046 054055 048054 053053 053053 046055 046050 050050 050052 049050 046046 049049 052055 049053 052052 052055 048054 050052 047048 048048 049047 050053 046052 048054 054054 052047 047046 047046 051048 054046 052051 047053 052048 047047 050053 053050 050047 050053 055049 046051 054048 050050 049048 049051 054054 046050 047047 053048 051052 047047 049052 049055 053051 055055 055054 053049 047046 054054 055054 047052 046051 053052 053049 054051 051049 050048 054054 046052 049048 050052
i588, 050050 047050 051050 050050 053046 049050 049052 051054 050055 050050 049047 050051 054050 054048 047053 054054 054050 053055 049054 049055 046046 053048 051053 054049 046050 048055 049051 050051 048051 048055 055054 052049 048053 050049 051049 048055 050053 049049 055049 046047 052050 049053 055047 047054 052048 052048 048048 050054 055047 048048 052052 053048 046052 048049 055054 046049 052049 052049 047046 054055 052052 047046 055052 047054 055050 052049 050055 048047 049049 051052 051051 048048 051051 046047 054055 048047 050055 049048 055047 047051 046055 049048 053051 052047 046047 053053 047048 054050 046051 055055 046051 050053 048053 046049 048051 048051 048048 049055 049049 052050
i771, 047047 053053 050047 055050 048051 046047 049054 046050 046051 054054 049048 050049 054054 051054 054047 051046 050051 048048 053049 048055 046051 048055 053053 048050 050046 052050 051049 055050 053055 046054 051055 049054 048053 046054 046048 051049 053048 054047 054050 051053 046048 053049 052054 049053 050052 046048 055053 050048 048048 055046 054050 053051 051051 055046 053047 049049 048051 046052 046055 054051 055050 047048 054047 047046 047047 055047 048050 051047 051055 051051 051051 054047 051054 046052 049053 046049 047047 055053 051050 047047 052052 052052 053051 052047 055055 053053 048053 051054 055052 047048 051048 053050 049051 054047 050052 048053 054049 053049 049046 052051
i757, 046054 051053 050053 055051 049048 046054 052055 055048 046053 048049 053049 050046 050048 054055 050054 054047 051055 055053 050046 046051 054051 050055 050050 050048 047050 046052 051051 047052 051047 055048 046055 053054 046048 054050 052050 048048 047046 054049 048050 047050 054046 053055 055050 050054 051054 047047 048048 050052 047055 048051 050048 046049 046047 054048 054046 052046 053046 051051 054048 054054 047052 047047 047052 049047 050053 048053 052048 048046 051055 051051 052055 048053 051051 053049 054049 046051 054055 051050 055051 047047 051046 049055 053055 050048 055046 046049 055053 047054 051046 049048 053048 050053 052053 051051 048048 053046 051054 052053 052054 049053
i786, 047050 050055 047051 050050 052048 050055 047052 050049 046050 053052 047055 055051 050051 048053 052054 051048 051048 055048 053049 048052 054049 049049 053048 050050 055050 048048 049055 051050 050051 049052 049049 053046 051048 050050 046046 055049 055050 049053 048052 053049 052052 053053 055055 053048 052053 048050 055054 052050 048048 050048 049055 053050 054051 046051 046054 049052 051046 052055 048050 050054 051046 047050 048047 046051 047053 052050 055052 046051 051048 052051 051051 050050 051053 048050 054054 055051 053047 055048 046046 047046 046052 052054 051049 047046 053046 048053 053050 051054 055053 050055 054049 052050 049048 047055 047051 052053 054055 049049 050053 053052
i59, 054047 054051 047052 055052 052050 046048 055055 046054 046046 051055 050051 046053 048048 054054 047047 055051 054048 048052 049049 050046 051051 049052 053050 048052 049050 055052 055046 052050 050048 048051 055055 053050 048054 050046 048046 048048 046055 047054 048050 051053 055052 054054 048053 053054 055054 046049 048048 052050 049047 048055 050048 046050 055046 046054 055053 053049 055046 046054 051054 054047 051052 053047 048048 050051 054046 048050 052048 046046 055048 052046 051054 055051 053051 047051 054053 054048 055055 049048 050048 047051 052052 049049 055055 050053 051055 049053 047055 054054 055054 047047 051051 055050 047052 049051 049048 051052 053046 052053 049050 053052
i454, 054047 055053 047055 052051 047054 048049 051051 054050 055047 053050 049047 051050 055054 047053 052049 053048 048046 048048 046053 049049 046051 049053 053053 048050 049050 055047 047055 048052 048050 052048 049055 053054 048052 050050 053051 048046 049050 053054 054049 055055 049046 046046 054052 055047 052052 047055 051055 048050 048055 055051 049050 050048 052046 053051 046054 048049 049051 047052 054046 054051 052052 047047 048055 049050 053055 054050 053050 055046 048052 054052 051051 048050 051049 050047 051049 055051 050055 048055 046055 051052 051049 055049 051051 047046 055047 053055 047050 051054 049053 048055 048053 050053 049048 047054 051052 048046 055051 052053 049050 051054
i362, 046047 055055 048055 051049 054051 048055 055055 048055 046046 048049 050050 055049 054050 047055 053053 053051 049048 047055 049049 053050 051051 048048 053050 048052 055052 051049 052051 052051 050048 049048 046046 049055 054048 052053 053048 054049 052054 054051 052055 051051 048049 049053 052049 048047 048054 047047 048048 052051 048049 048046 052055 050055 055054 053046 047047 047054 053051 047047 046054 052052 054054 053046 055052 051049 047053 050050 048050 047048 049051 054052 051051 054046 052054 048055 054054 048048 047047 055049 052046 048047 046046 055052 055046 046053 046055 055054 055055 055055 051050 055047 053049 050055 053049 047051 051049 048048 046046 048051 052050 050049
i719, 050053 048053 047050 050053 053054 048047 052052 054050 055050 046046 047047 055046 054047 055050 054047 051046 051049 049049 052053 046053 051047 049049 053050 053049 047050 055052 051051 050055 048048 049049 050055 055054 048048 052050 046048 048051 051054 049047 050054 046053 054048 050051 048052 049051 050052 046055 047048 048052 049048 050048 049048 050051 047049 049049 051054 051049 051052 051046 051046 054055 048052 050048 053046 046055 053050 053046 055054 047046 051052 052051 051055 048048 051052 048048 053049 048048 053047 053048 051046 046046 052055 052047 047051 047053 051047 053051 054050 050054 047055 047055 046047 052050 047046 049047 054048 050048 048055 049047 049052 053051
i714, 047047 047053 050050 055048 053055 050050 052049 054050 054055 052046 047052 054053 052055 049053 052046 047047 049050 055048 049050 049055 051054 046050 053053 048046 047047 052052 051051 052049 048051 048048 050046 046050 048048 046052 047053 051046 054048 047049 052053 049055 054052 053055 047048 048054 052052 055052 048048 052051 048047 050048 052048 054047 046046 053054 051054 047052 053055 054053 046048 054054 052048 047047 053055 055047 049047 053046 046050 053051 055047 052055 052052 048055 051048 052048 054054 048048 051055 050051 051051 051047 053052 052051 046053 048048 049049 049052 047050 050052 051055 052048 048051 052055 049046 050051 053049 048048 055046 049055 048054 050047
i58, 052054 052055 050055 055047 047050 046047 054048 050050 052048 052053 047049 051051 054054 053048 047046 047053 047055 049054 048053 051048 054046 049049 050050 046054 046046 052046 051051 048047 050048 051053 050051 053054 048054 050050 052048 046051 049051 055054 048050 046047 046050 046055 048049 049053 048052 047052 054048 054054 048048 048046 050048 055050 055051 053049 050049 047049 046052 055055 048046 054051 054048 055048 048048 051054 055054 052050 053053 047051 051051 052046 051052 054048 054051 052049 054053 046048 047047 048053 055051 047048 050052 049055 046046 048047 055055 052053 047047 052054 054055 047048 051051 053048 049048 047051 050054 048050 054054 049048 049053 051052
i527, 054049 055048 047051 051050 054051 049048 052055 050048 046055 046048 050047 050046 054047 054047 049047 046050 049051 053049 050047 049050 054054 055049 053053 052050 047048 055052 054054 051052 050048 055055 055050 055054 048054 052048 048046 048050 047051 054049 050051 050053 049050 054053 053055 055048 052050 055055 048050 052050 046047 046048 052055 050055 051048 053052 054054 048046 048055 050046 046046 052054 052051 047048 052048 047051 055048 053054 053048 047046 049049 054051 051051 050054 051051 053047 054049 048051 054054 048051 051052 047047 052055 049052 051050 055047 046053 049055 055050 051054 055050 055048 049047 050052 049048 055052 049049 048050 054054 052049 048049 049050
i520, 053047 053047 050050 055047 053054 051047 052052 050054 055050 052048 047049 050046 051054 054054 052049 054051 051049 053048 046053 053052 046054 052049 053053 048047 050049 048052 051051 051055 048053 049048 046049 046050 048054 046049 051050 048047 046050 053052 050053 053046 050054 054055 053054 048048 053052 050046 054055 055049 051051 048046 050050 048053 051051 048054 046054 055049 052051 054050 047048 054054 051048 046049 048052 050053 048053 054053 050046 048046 051049 051047 051050 048048 052053 050051 054054 054046 055047 050048 051051 051053 052051 048049 055047 053047 055054 046046 047055 054054 055054 050048 048046 050052 046048 051048 052052 048052 048051 046052 054049 053049
i347, 050047 053053 048050 049054 053054 050052 048052 049050 055046 052050 050049 049051 055053 053046 053049 054051 049046 047052 055054 051053 051049 050049 053050 046052 049055 052048 051046 048051 050053 048048 054050 053053 051054 050046 053053 055055 046053 049048 050048 049048 048048 046050 049055 053048 047052 047052 054051 050052 048047 048049 049049 047050 048052 048054 049050 049055 052046 051046 049050 051054 052055 046046 048053 049054 055055 050047 050050 046050 047054 048051 051054 054049 054048 048050 049047 052048 055047 055048 046055 051047 049046 055049 046054 052055 053055 053053 047047 054047 055051 050048 051048 050050 048055 054050 055047 048048 053055 055046 046053 054052
i338, 046047 048054 047050 050049 051053 053048 049055 049046 050055 055050 049047 047051 055051 054047 049052 054047 051049 053047 046049 055053 047046 050049 048053 050050 046050 055047 051055 049047 051048 046046 049055 054054 048048 053049 048048 049049 055055 054049 054048 053055 053046 053053 046048 055048 052047 047050 050054 052052 047055 048050 052052 047050 047047 053049 053046 055051 049049 046046 053048 055051 052048 046048 048055 047053 053047 048050 046052 048048 049048 048052 052051 048053 051048 050049 054055 052050 047047 055046 051055 047046 051046 055049 047051 047051 051047 048055 053055 054050 052055 048050 046049 048048 046048 054050 048050 046052 055054 046052 050049 050052
i624, 050047 050049 055048 047055 050046 048047 049052 053048 051047 052055 047052 049050 048054 048046 052046 054054 049046 050055 053049 049055 054052 053048 050048 052048 047053 046048 051049 049049 055051 053053 047048 053052 048048 050051 046049 051048 053050 049050 054048 052046 050047 054046 048048 054054 048054 050050 051048 050055 048047 048048 050050 046051 046046 050054 048049 055049 051055 046052 046053 055055 047052 047047 048048 047049 055055 050052 055047 046047 055055 046051 049051 055048 048049 049053 049054 054048 052047 052050 050054 054052 046052 048052 050051 053047 052053 049053 047047 051054 046052 048048 048049 053050 048048 048047 049050 048052 050051 055049 048048 050054
i744, 054047 053051 047048 052053 048046 046047 052051 047048 055046 052053 049050 053046 055051 054054 048047 051047 049049 053055 054049 054050 051054 048049 051050 050054 050055 050046 051047 050052 050050 048049 051055 047047 054054 055050 054048 055046 051047 049049 048048 047046 052050 051054 055048 055047 048047 048046 055051 052055 047048 048048 047052 048050 052048 053050 055053 048047 046049 055051 055048 050054 052048 049047 054052 046051 053050 047050 053046 046046 047051 054054 054052 053046 051053 049050 053047 048052 055055 048055 055052 046051 052052 052055 054051 048048 051046 050053 055048 051054 054052 055047 046051 052050 046048 054049 052051 048048 054046 046052 048052 054046
i161, 047054 047047 055050 055055 053051 047048 048052 046050 050052 052052 047051 053050 049050 047051 047049 054054 051048 048050 047049 049050 051054 049050 048051 048053 048050 049048 055054 054048 048048 052049 047050 050055 048048 050050 054052 052046 047048 054047 051053 053046 052054 046053 047047 048051 052053 052052 053051 048052 049048 048046 052052 050053 046051 054051 046050 051046 052052 054054 046052 046051 051054 047051 048052 051054 047053 052052 048048 049049 047051 050048 048051 054053 051051 049049 053054 053055 047047 055048 055055 047051 046055 052047 051053 047048 052055 053053 046047 047054 054046 047053 051047 050050 048049 047049 049052 046048 046054 049048 054052 050052
i208, 047050 055053 055055 053053 048050 048047 052049 054048 050047 052046 053048 053055 051052 054053 047049 054049 052046 047053 049053 055046 055051 055048 050053 048048 050048 052052 051051 049052 055051 049046 055050 049050 052048 047050 053046 048049 049049 052049 049050 052055 048050 047054 055048 047049 046055 055048 048055 050054 048048 048052 055048 054053 047051 054048 054046 052046 049051 054046 048046 055054 052051 046049 048048 049051 053055 053051 055047 047050 048049 052046 047046 048054 054051 048048 054055 046047 047047 053050 051047 051048 052052 051049 054049 047048 055053 055053 047055 054054 055050 047048 046047 050050 050046 051048 048048 046052 052054 049053 046052 052052
i384, 046050 050053 048050 049050 052048 047048 048055 055050 051050 046046 046053 050051 052051 047047 047052 049048 053050 046052 049049 055055 049046 047049 047053 048048 046055 052052 050051 050049 048050 052054 046049 054053 048048 053050 046049 055048 051046 049049 050054 046055 048046 055049 047048 051053 052048 052050 053053 051052 055048 048048 049052 053046 047051 053054 050046 049046 046046 046054 048051 054055 051047 047053 052052 050054 053053 047054 046046 053047 048051 051051 051051 050048 048052 053049 054054 049050 055055 046051 051047 048051 050046 052052 053047 048052 055050 049046 047047 055054 048055 047048 051051 053048 050046 055048 051049 052046 046054 049049 054054 050049
i337, 047054 055047 055047 047052 050053 049053 051052 046048 046055 046052 053047 051051 052055 055053 048052 054050 052049 048051 049049 048046 051054 055048 055053 054048 050050 047050 051051 047051 048055 049051 051053 053055 051048 046049 052046 048048 047046 051048 054053 049049 054046 046053 052048 054053 048054 047046 051048 048050 047047 048048 049050 053051 055046 053054 049046 046049 046046 052052 048046 050055 052047 048052 054048 047050 047047 048047 047046 053049 049047 048052 051051 048054 053051 047051 053054 046055 047047 048050 052048 052047 052052 047047 046055 050048 051055 052049 047047 047055 046055 051051 051046 048052 048048 054049 049050 050048 046046 052053 054052 052052
i272, 047047 053049 047047 052055 051050 051046 052052 048054 055046 051055 047047 051050 046051 047047 053048 051055 051049 048048 046053 046050 051046 051049 053051 048050 050046 052054 054046 052052 047053 050046 051055 055050 051048 050050 051048 049049 049050 055053 052052 049052 053052 054053 053046 047053 052050 047048 048055 053052 048051 048048 049052 053054 048052 051054 049046 053049 052054 055046 054053 054049 050052 050048 052048 047051 050053 055054 047046 046047 055051 046046 051051 048055 054049 050048 054054 052054 054047 050051 055055 053051 052053 047051 050046 048047 050053 053052 050053 048054 051053 049047 051048 050050 053046 054051 055051 050048 046051 048052 049050 051052
i690, 050052 048047 047050 049050 050054 049047 048052 055046 046046 046051 049049 051048 052051 054054 049050 052052 054046 053048 049046 051053 054051 046049 050047 052048 047050 052055 051050 047052 051048 052052 051055 053055 048055 054050 053046 046046 046048 049048 050054 047055 052048 049055 055051 047049 052055 047052 050048 055046 047048 055048 048055 050053 052054 054050 049054 052054 049046 054055 053054 054054 052052 050053 052054 047046 049054 052048 052055 048046 055052 052051 053053 048055 054051 048048 054046 048052 047055 051052 046055 050048 051048 049049 046046 048051 055046 048048 055050 054051 055055 050048 050050 052050 053051 055048 052047 048054 055047 053050 052050 052050
i374, 050047 051054 050051 052047 053054 048048 048047 054054 046046 052052 047047 050049 055046 047053 049047 054051 051049 051048 050050 048046 054054 055055 053053 050048 047050 047052 051046 050049 050048 052054 054050 049049 051048 046047 046052 048048 055047 051049 052048 052050 054054 055053 047048 051047 048046 052047 048048 050051 048047 048048 052047 051049 051051 053053 055054 055053 049053 052052 052048 047050 054052 047046 046054 055051 050050 054054 055049 048050 055053 051049 046048 047053 053054 053052 054049 052052 047053 048053 054052 052051 052046 055055 054046 050053 055051 053055 055055 054054 049055 048047 046048 050052 049053 047054 051048 046048 053046 054053 053049 051053
i340, 048054 047055 050055 054052 054052 051048 047053 049054 048055 052048 050054 050049 052048 054054 052047 054049 049054 052047 050046 049055 051047 049051 050048 048048 050047 052047 055054 051049 055048 046049 050046 052050 048048 052050 054046 049046 049046 054053 052050 046053 046054 046046 048053 051048 052052 052046 053055 048052 048055 046051 055050 050051 046046 051053 047054 047052 046052 055052 053050 051055 052051 047050 054054 049051 050055 052055 055050 046048 047051 051048 051054 054055 048051 051049 055054 053054 055047 050052 046050 047047 055049 052049 053051 049053 046047 053052 055047 046054 048053 055047 047053 050050 048046 049054 050048 050048 054054 052055 048049 050050
i231, 054054 048055 055051 050049 053048 048047 052052 050051 046046 050048 049047 046050 054054 053050 052047 048053 051048 049048 049049 055049 054046 048046 053050 055053 050050 048052 051049 050052 053051 052048 055053 054051 054048 051049 053054 055055 055047 047051 048053 053047 055052 054050 053047 047048 052048 047046 048048 046054 049048 052048 047050 053050 052052 054053 053054 051051 052051 055046 048046 051054 047051 055047 048049 050046 047050 050054 050055 046046 055055 047048 050051 048048 049054 049046 048053 049051 047053 053050 054046 047054 051052 053049 050046 047047 046046 048053 047047 054053 047053 048055 046049 050054 049049 051047 049052 052048 053047 054052 054050 051052
i775, 054055 050051 047048 052053 050054 048048 052048 050055 046046 050048 047055 049051 046054 054047 054047 055047 051049 055052 049049 050048 051054 053051 050047 050050 050047 054054 049055 050048 053055 046054 046055 049055 051055 048050 054046 051048 046054 049049 054054 051055 052053 050055 049048 049047 055052 055051 048054 055055 049054 050050 054050 047050 052051 049053 046055 047046 046049 046047 055054 054054 047054 047047 048048 050049 050050 054052 050048 046048 051049 052051 047053 048048 051054 049049 050049 048049 052055 055050 050055 051047 052052 052047 051046 048055 047053 053053 047053 051054 055055 054047 047048 048052 047053 052047 047051 050050 054054 054053 053046 050051
i540, 052047 053050 050054 055052 046048 049048 049052 046046 055046 052049 047049 047049 052048 054054 052047 049051 054049 047055 049046 046046 055046 050050 050047 046054 046050 052050 054046 051050 051055 055049 055053 052052 051051 053053 052046 048049 046047 049052 052050 055053 053052 053055 049049 055048 048052 050050 048054 051055 048055 048054 052055 049054 047046 053054 050054 049052 052049 051051 047048 051054 047048 055047 046052 051055 047049 052055 053050 046050 055051 051052 048051 054048 051051 050046 054054 054048 055047 051055 052055 047048 051055 048049 050053 048048 053053 055054 047055 050051 055046 047047 053051 050052 053048 048047 047054 048052 055047 049046 052049 052051
i209, 047050 048051 048055 049047 053054 055050 052055 048055 051050 050050 049047 046050 055054 054054 055049 052051 046049 051048 053050 055051 046054 049048 053052 048046 048048 054055 049055 047052 053048 052048 050050 055047 048053 054050 053053 046049 049049 048050 050051 047046 052048 053053 055048 051053 048051 055050 048051 050048 047047 050046 049050 053049 055051 053048 046055 048049 050052 046046 048048 054054 048047 047048 048048 054050 053055 046053 055050 049046 055047 051052 052051 050055 055053 048050 049049 052052 047055 046050 055055 048050 055052 049049 050055 052048 046055 055049 047047 055051 055055 050048 049048 050048 051048 054049 054054 046050 046046 053052 049054 053052
i665, 050050 050048 048050 050055 054052 046051 052052 046054 050047 046046 047046 047049 055054 054054 047047 054054 052047 053052 048053 051051 051054 049046 050051 048048 046047 055046 046051 050048 048050 049048 046054 055053 054053 046053 049046 052048 046050 054049 052050 047055 046050 055051 048048 047048 052050 046051 048048 046050 047048 052048 050050 050053 047051 049046 046054 047051 051052 048055 054046 051054 052047 047055 054048 054054 050053 053052 050050 048048 049048 046051 051051 054048 052051 047055 055055 054047 049047 048055 052051 055051 050046 055047 054049 055055 046051 053053 052047 051050 055051 050046 053046 050054 048050 051051 049051 054052 049054 046052 048049 051052
i329, 048050 048050 055050 050051 050054 049047 049052 050054 046050 055046 047050 050050 053054 053054 047054 049048 046049 055047 049050 054053 051054 049047 049048 050046 055050 055052 051047 049052 047048 048046 055055 050050 052052 053050 046048 048051 048047 050054 048050 055046 048046 049051 050048 049047 046052 048050 051048 047052 047047 052052 046048 047050 051054 054054 054046 050046 046049 046054 046048 050051 047051 050047 048048 049054 046053 049046 050050 047046 047049 051051 048051 055050 054051 048052 049048 048055 055055 050046 051055 048052 049055 051049 053049 047048 050051 053052 052053 054049 055053 055050 053048 050052 046054 051054 048048 048048 054051 052049 049046 052050
i475, 047047 055048 055050 050055 054055 048047 052051 046050 046046 050046 054049 047049 046054 050054 049047 047051 051055 055047 047049 053049 047047 050047 047050 050048 050048 052052 051051 049050 055051 046048 046051 054055 054054 050046 053054 055046 046055 049055 050054 046053 054052 050054 048048 055055 052049 050054 048048 054050 049048 050055 050050 050052 055051 048049 051053 049049 049054 051052 053049 055047 051047 047047 048048 047050 055053 054054 050054 047051 048051 051047 051051 055047 054048 046049 049054 050052 047047 050055 052055 055051 052046 047055 053046 055048 047055 048055 047047 051054 055053 048050 048051 050052 048048 054050 054051 050046 046046 049053 052054 052050
i262, 055054 050054 052047 055046 053054 051048 051052 054054 052046 046049 047047 051055 052051 047053 049047 053047 051052 048048 049050 055048 049051 053049 048050 050054 046050 048047 051047 052046 051055 055049 050055 054049 053052 055046 046054 048055 046048 049049 050051 053046 049050 049055 047048 053053 047052 051052 053055 052047 048047 046055 049052 053048 046046 054048 050055 050055 055055 052051 046047 049052 051047 046051 049048 054049 050047 048052 052046 053052 049049 051047 052047 048052 051054 049049 048052 047048 047051 048048 054054 050048 053049 048055 046051 048046 055052 048052 050047 054054 055053 055055 046051 050050 049050 055054 051049 046046 054047 054055 049046 052052
i144, 047046 050055 050050 050055 052048 048048 047048 050054 050055 055048 049053 046050 050052 048047 049047 053051 049049 053052 054049 046046 054046 049050 052048 046048 054050 046048 049047 048050 051053 046048 051046 055053 054051 050050 048053 049051 047055 049049 048051 050053 052054 053047 047051 054054 053046 047052 054048 051051 053049 050046 052050 051047 048046 051049 054046 049049 046052 046054 049048 054051 052052 053053 048046 054047 052053 054049 048048 048047 052049 051054 051047 055048 051051 046046 048049 051048 055047 051055 055055 048048 052050 051049 055054 050048 053055 053048 047054 054051 048055 047055 048047 053050 048046 052048 052048 052046 047046 055052 049049 052052
i168, 047049 055047 052051 055050 050053 049047 048052 050054 053046 046055 054047 051051 048052 053048 055050 052054 049051 047055 049052 046053 053047 052049 054051 048053 048050 052050 051051 049052 053050 048048 051052 049052 048054 054048 048053 052052 054054 048053 049050 047054 052055 049050 055048 050047 053047 055055 055053 052050 047047 052048 049055 053050 051046 053054 050049 049046 049049 046052 048048 054054 050051 050055 048055 055055 055053 054054 055054 047046 049051 052053 051051 050055 051053 047049 053052 051048 055047 050050 052048 051055 052055 048049 047047 048050 055051 053049 047047 054054 050055 055055 048051 053053 049046 050054 049048 048048 055053 049048 053054 052051
