point 1
gen 0
lala land
l41
l58
l92
l23
l38
l39
l36
l32
l47
l78
l3
l34
l30
l57
l22
l17
l13
l27
l91
l43
l40
l45
l53
l24
l16
l93
l18
l77
l42
l15
l48
l56
l0
l79
l60
l37
l98
l72
l49
l96
l21
l87
l70
l46
l84
l81
l74
l66
l67
l62
l68
l25
l26
l5
l83
l64
l71
l33
l35
l75
l9
l55
l59
l76
l61
l12
l85
l97
l54
l63
l14
l65
l19
l11
l51
l82
l1
l90
l69
l29
l50
l28
l94
l73
l99
l31
l4
l52
l7
l6
l10
l8
l88
l80
l86
l95
l44
l20
l89
l2
Pop
i153, 046051 048054 052054 046053 049052 051051 049051 052053 047046 053053 053048 049048 054049 052047 055046 053053 053048 051054 052048 047047 049054 052051 051054 052052 048050 051048 047051 049048 048052 050049 054050 048048 048048 047052 055048 047046 053048 046052 055055 052046 050054 048051 055047 055049 053048 053051 051054 049052 048048 051049 046055 051052 055052 050052 050051 047047 052049 054049 051055 050050 049051 051049 053048 048052 052052 054053 050050 046047 053051 051048 050054 055052 053055 051054 047055 055053 050047 054050 052051 055049 050050 053049 049046 046051 055050 050054 051047 054047 046046 046052 050055 050053 055048 047048 047052 049053 055055 047052 055055 049055
i516, 055049 051054 055050 052053 055050 049049 049055 053053 049048 048053 052047 054049 047050 054049 046046 051053 047054 049054 048049 053047 054051 055046 051048 052046 050048 052051 053051 050048 047052 047051 050054 052054 052048 051051 055055 047050 049047 047055 055055 052047 055052 055055 051053 050055 048047 049055 047049 046046 046046 049050 046046 052050 053053 052047 047052 047049 047053 050047 052049 049049 052052 046051 047048 052052 046046 053053 053047 054048 047051 050049 048053 049051 046053 052052 052051 055048 052047 046050 054046 052053 050051 053046 053049 050050 054050 047046 048050 051050 054052 051049 050046 050050 047050 046047 049046 055050 052055 055052 049053 048046
i271, 048048 051052 050052 054051 053046 046050 055055 047053 055048 053053 053047 049046 051049 054049 046047 054054 047047 046046 051046 050054 046055 049051 050048 047052 050050 052053 049047 050053 053049 051047 054054 054054 047051 054049 053051 054047 053050 055048 049050 052052 055055 051049 051047 051050 046054 054049 047054 054046 050046 048054 046053 052052 049053 047051 052051 052049 046049 052052 049054 053053 049050 055047 047054 048047 052048 053054 055050 050046 048048 051053 051051 048047 047053 051051 055048 050055 052048 050048 046054 052055 049047 048053 049051 052051 054046 053047 055050 050047 046046 049054 050048 047050 048053 049048 049048 053048 055055 048048 055052 055051
i135, 047051 051051 055048 052046 050055 054055 055055 051047 046046 052053 048047 053046 054054 052054 052046 048051 047054 049050 054053 052054 055054 046055 048047 055047 053050 053054 047051 049050 047046 049050 054048 050047 052051 052048 054053 047054 047046 052053 055052 046047 055055 051050 050051 055046 047047 046052 054046 046054 051054 055054 053051 052052 049053 046050 051052 055047 052049 055050 050055 049049 054054 053052 050047 048053 053048 053053 054050 051047 047053 048046 053050 047047 052046 048051 050047 049049 052047 055050 048054 055055 051049 048047 050048 051054 050055 046047 054050 055055 055052 052053 055048 052048 055051 055046 054053 050050 055049 048055 051055 051048
i162, 048050 053051 052053 054052 049048 046046 054053 053053 053053 049052 047053 048049 052054 047049 055046 055055 046051 054049 046051 054054 054054 054055 048047 055046 055054 055050 047053 055049 050048 052054 054050 054050 050049 049049 052055 054047 047050 046047 047051 054047 050049 055053 051047 055054 048046 046046 051047 054046 053048 055049 047051 047048 053046 047050 054050 047054 055049 051048 050050 051048 054050 046051 048052 050049 053054 052048 053046 050047 053050 047053 055050 050048 049050 054052 055054 049048 047047 054054 047047 055053 049055 055048 048050 051052 049049 055054 048050 055053 049052 052049 055046 048053 048053 049048 047051 046048 052052 055047 053053 055055
i499, 046050 055054 052055 046046 053055 051046 053051 052047 048051 053053 050053 049049 049046 049055 052054 055055 047046 046046 051049 051051 048047 051054 049051 046052 050055 054049 053047 050052 053046 047053 054049 047048 048052 053052 054055 054054 055053 055055 050047 050047 055055 050053 047049 049049 048047 046052 052054 047046 053051 047054 053055 047051 053046 046053 054051 047054 053049 051048 054054 050054 055049 046047 050052 048049 053054 053053 051055 052054 051051 046046 048050 050053 049050 051052 055047 050048 055047 054050 054054 054051 049048 046048 048055 050046 046054 054051 048049 053051 046046 051055 053055 051055 050050 046047 047048 055050 055048 052052 052052 049055
i599, 046046 055054 048052 054046 050055 046050 049053 047051 048055 053052 052047 047049 054048 049054 048046 048055 051052 049051 052052 054051 054046 048055 051049 047054 050053 051048 051054 053049 046046 049054 054050 051052 051046 052051 055054 047047 046046 051046 050055 047046 055052 048050 053046 049048 049046 052051 052054 051046 051052 054048 053051 052051 051052 050053 051051 048048 053049 050047 054049 048050 055050 046046 048054 053046 052051 053053 054046 046055 048046 048055 048048 055048 053049 051052 055050 049048 054054 047050 055047 048046 051047 048049 055055 051051 050055 054055 051048 054050 046051 053049 052052 047047 050049 050050 049047 046053 052052 046052 052053 048055
i552, 055049 053054 052052 054051 049049 052049 047046 047054 047048 053048 053047 050049 046049 052052 046046 053055 050052 046049 051051 054054 050052 051055 047052 052052 048055 048051 047047 049049 049046 051052 052054 051047 046049 048054 052055 047053 050047 048053 055055 052048 047055 050047 047047 055050 053049 051055 047046 055049 054047 055048 055049 051048 052053 050047 051046 052053 047049 050055 052055 050048 054055 047054 047048 048050 052051 047050 052055 050050 048048 046049 047054 051046 049050 054051 047049 055052 054047 054050 054046 055053 050050 048053 049046 055054 051050 054050 048050 053048 050047 050052 055054 048052 049047 047054 051048 049047 055047 052047 053051 055049
i332, 048046 055054 048048 052052 048050 051050 046046 053053 046055 047047 052052 047053 054054 049052 048046 054046 047052 046046 047051 052054 054051 051052 048052 046053 048053 051054 051053 049048 048049 050047 049051 049048 048053 054047 053055 047050 051053 047046 051047 052048 053050 053051 053047 051049 046047 051054 053049 049046 054048 051051 051046 048048 046046 047050 051051 054054 052046 050050 046049 048048 055050 046046 049050 048050 053053 047052 055048 054051 053047 049051 052055 046052 052055 050051 051047 050055 047046 055047 052047 051048 051048 051055 052051 054053 049055 050052 048048 052048 050048 052049 052054 047050 048046 049049 047051 047047 052055 046046 053055 051055
i793, 049054 053055 050046 054049 050050 049054 047054 047047 047055 047049 052048 049055 048052 051054 046051 055053 048047 048046 052051 050055 055054 046051 050048 055048 046050 052048 047049 050055 053052 053048 053053 052047 050046 052051 052048 052047 051047 055047 047047 046047 055055 046051 053055 048046 053046 046051 051047 051053 046046 048049 053053 052047 052053 052046 047050 047052 047053 051055 054049 050047 049050 051051 050047 049050 052052 052053 050050 046047 046048 048054 049052 048046 049047 051047 049051 050048 052052 050048 054054 051047 049047 048054 046049 048051 054051 054054 048050 055055 052050 046047 050054 052048 050049 047055 046054 046050 052055 052051 053053 046049
i29, 048050 053048 052052 048052 051051 047050 053046 051054 049047 053046 052055 053049 054051 051054 051046 053048 052051 047054 054050 050054 046054 054050 050049 053046 048054 051049 047047 051055 049046 047053 051053 052047 046046 053049 054055 047052 048055 055048 047055 052048 048055 055050 051048 046055 054047 054053 049054 046046 054051 049050 046055 051052 046052 053046 054052 047049 047046 050055 049048 055048 050055 047047 054048 052052 052053 053055 052054 054047 052048 054053 049053 048049 047051 049050 053051 048053 047047 050055 048054 055051 051053 047054 049055 050051 050050 047051 051048 048055 052046 051055 046054 048049 047048 052055 047051 053054 055049 052054 053053 052049
i269, 048049 051051 052050 046047 049048 047046 047047 052054 047051 053053 048053 054047 049054 049054 049046 046050 048047 050054 050050 053052 052054 046052 050054 047055 050050 055055 052047 049050 048049 054052 053050 050051 052051 051048 052048 049047 046047 055055 050049 052047 055055 053053 051047 055050 052052 052052 055054 054055 048051 047051 049051 052052 055051 054052 052050 052055 053046 050055 054049 049048 050050 048051 050048 052050 046052 054053 049054 054050 048051 053051 048050 048048 055053 048051 049054 052055 047047 050055 047054 054052 049047 048048 050049 055051 055049 054047 050050 055055 052046 053053 053052 055047 048050 047046 051047 050049 049049 051052 055055 048055
i788, 047049 051055 049052 053054 049055 046047 046053 047053 046049 047047 053055 050050 046054 054053 055046 053049 048048 049051 052051 053046 046052 051055 053055 047055 054048 055049 047051 049050 049053 047051 054051 048052 046050 054051 053053 054054 053055 049048 050051 051050 052055 053054 053047 051048 047046 049053 052052 046046 054050 047049 055049 052047 046055 051046 051051 054047 047047 051053 054046 053049 055053 051054 052054 050053 048054 054053 049055 054054 054048 054046 053050 053052 047052 048052 047053 052047 047048 050048 049053 049046 054053 051053 049048 055052 055049 046054 050048 050047 050052 054052 055052 055048 047053 047047 054053 047050 055055 055046 055053 049052
i470, 048055 048049 052052 054052 051052 054046 055047 053054 047053 049053 048054 053052 048054 047051 052047 054053 055052 049050 053055 055050 052046 055054 047054 051052 048049 049051 054052 049054 051049 052047 054053 054052 048052 049051 052054 047050 052047 055054 047047 052052 047053 051053 047047 053046 048046 052046 046049 046049 046046 047046 049049 052054 053049 052050 047051 051051 052047 054055 048054 050048 046050 046051 052048 052051 048053 050047 055046 048050 048047 051051 053055 047055 055049 048048 047047 047048 050048 050050 054047 053049 055049 047046 049046 046051 051050 054047 048050 051048 052046 050049 053055 051048 051055 048049 047047 050047 049055 055052 052046 049051
i234, 047051 054055 052050 054051 054052 054051 047053 052053 051049 052046 048047 052054 049049 052049 046046 052055 048047 049050 052049 050050 054046 051051 048049 053046 050048 054053 051051 049049 046048 051047 053048 052051 054051 053053 054053 047049 055047 047046 055047 052048 049054 053046 053052 049050 046047 046053 055051 046054 054054 049051 055049 051052 052049 050053 047054 055054 052051 054051 049052 049046 055049 046051 048050 049054 048051 050052 050052 051050 048054 051051 050053 047046 055053 050053 053055 050055 047050 047055 046054 052053 048051 046055 051055 050050 055050 051050 050048 050052 055046 049052 053048 051052 051050 046047 053047 050049 054052 051047 050053 046055
i746, 055048 055054 052052 052052 053052 048047 046055 047047 050055 046047 053054 046053 049051 052049 046046 054048 047048 048050 051052 050054 050054 046051 051052 053052 050048 051049 047053 053050 049054 047054 053050 054046 052049 049051 053055 053047 047046 055048 047047 052047 052052 055051 047053 051050 053048 052054 046051 046049 049046 049054 046053 051052 053046 050052 051050 055054 053049 055051 048048 050054 055049 055051 050052 050050 054046 047054 054055 050051 051051 053049 049049 048046 052054 051050 055055 047048 048050 055048 047047 052055 054049 047046 051046 051055 050049 047054 050048 054052 052052 054050 046052 048051 053047 046051 049047 046053 048054 055047 055051 049049
i392, 046051 051054 055054 050051 051047 054051 051051 053052 047054 051053 048048 049049 049046 049049 046046 055054 047051 054046 051048 052048 052054 055049 054047 046046 052053 048051 053053 048049 052050 055049 050050 051054 053051 052055 048052 047050 055046 051055 050049 047050 052050 053054 047054 055046 046047 054046 054054 046054 051049 047054 051053 051052 046053 052047 051052 047047 046053 051049 054049 050050 049052 047046 048048 046052 052053 048047 055048 054047 048048 053051 049050 048050 052050 047051 047050 050050 048052 048050 049054 054046 047049 048048 055046 050049 050050 047053 050050 055055 046052 054049 048052 047049 051048 047047 047054 048050 055053 052052 051055 049049
i525, 053048 051054 052050 052052 051050 051050 047051 053054 046051 052053 047055 047054 046049 054049 054051 051051 052054 050049 048047 054054 055054 051051 047048 047052 055050 055048 048047 052048 050049 053047 049053 051052 052048 051053 055055 047047 055046 055047 050054 048055 047054 055051 047053 049046 047048 051046 054051 047047 049047 052049 054049 054051 049053 050053 051054 048047 049046 055048 046052 049048 050050 051046 047047 052048 052051 047053 049049 051050 048048 054048 049050 051052 053049 054053 055054 051052 047051 046050 047054 048052 046048 048053 055051 046048 051051 054054 050048 055047 055052 050048 046055 051053 048049 047049 053049 052055 055055 052047 053055 052048
i365, 050052 053054 053055 052052 053050 050051 051055 052053 048046 048048 052049 049054 054051 047054 055047 049053 051051 049054 051053 046055 054054 054054 052048 054047 050048 051048 047047 049050 050046 047053 054054 051052 052048 049049 048055 047054 053047 047047 050046 047047 049054 052054 051051 053046 048051 046054 054047 049046 046054 054055 049053 047051 046051 053050 052054 049049 047047 054050 049052 054055 052050 051051 053048 051046 048053 046047 051053 050050 048047 051054 049049 055050 049052 051048 051055 050049 047047 054050 046052 051051 046050 051046 053051 050054 050055 051053 050050 053048 052047 054046 055054 054048 051048 049047 052046 046046 054049 046051 051053 055046
i1, 055048 051051 055053 054052 051055 054050 047047 048054 047047 053053 048053 046054 051046 054047 046046 053055 049048 050049 046051 050053 048055 055054 047054 052046 051049 055051 053048 049049 053048 047054 054054 054047 051052 051049 054053 054050 048046 052052 050050 052046 050053 051055 051051 055048 046046 046046 052046 047046 050046 049049 053053 048051 049046 050050 051053 052054 051049 050055 051048 048050 052055 046046 048053 049051 052052 047052 054051 051054 048054 054051 049053 047048 053052 051050 050055 055055 048046 055050 047049 048054 051049 046053 049051 050050 050051 047050 050050 050048 052052 047047 055052 047047 051049 047046 051047 048050 050052 054051 055051 051051
i629, 055051 054052 050052 052053 055055 054049 054051 052053 053047 053053 048052 049049 050048 048052 046046 055055 053050 046048 050055 050054 049047 046054 051048 046055 054050 051053 051048 055049 049046 053052 048053 054052 052052 049048 052054 054054 047050 051052 046051 052052 055054 046050 052047 053046 054047 051051 049047 046046 046048 055054 051054 052053 046049 050047 051054 047048 047053 051048 049049 050048 054049 046046 052046 052050 046052 052052 055046 050050 054048 052049 048050 048049 054054 048052 049055 048055 052048 048049 046049 046051 049051 048047 048055 052051 055054 047047 048050 054051 050052 052049 054050 053052 053049 047047 047053 048049 055055 052047 055049 049055
i539, 055049 054055 048052 052052 048050 046050 046053 048048 055051 047053 048054 049053 054054 048054 052047 049048 047054 054046 048054 054054 049052 055055 050047 046047 050048 051053 052047 055050 053049 052051 054050 048054 046053 051047 052046 047047 046050 051047 046047 051046 047050 048050 047051 055048 048048 053050 049050 054046 054046 047048 055049 048053 046055 050047 052051 046047 046050 048050 054048 049049 055050 047047 047050 048049 051055 054053 052053 046047 051048 051054 049049 049055 051046 051046 055054 051055 052049 048050 052051 052048 049048 047048 046049 051050 050048 047055 048048 055047 047046 047049 046048 053054 051049 049047 048050 049050 055050 052051 050049 051048
i10, 048051 055055 052053 048053 055049 046051 054051 053047 049051 053053 053053 047049 054049 050047 055046 055053 047047 053046 046052 047053 051053 054054 049052 046046 046051 053051 049053 049050 053050 054054 053054 047054 054053 054051 055055 051047 047053 047053 054050 052047 050051 046053 053055 055053 046046 053046 047054 054047 052051 048046 049051 048052 048046 051052 051054 047047 048052 054048 052049 047053 054054 051050 052054 052046 051052 053047 048053 051051 052048 048048 048049 050050 052055 051050 048047 055050 052046 048053 054052 051053 051050 046048 046055 055052 051051 055050 050048 050055 052052 054049 048055 052051 053048 054047 051054 047048 054055 051055 051055 049055
i356, 055055 053054 051048 053054 050050 054054 046054 053053 047047 053046 047053 054049 054046 049047 047049 055055 047047 054046 048052 054054 054054 052055 048047 046055 050051 048053 047049 050049 047048 047048 054050 048052 048052 049052 052055 052051 048050 047055 047051 048053 053052 054050 051052 046052 047052 048046 054047 052054 051048 049055 049053 052051 046047 047046 052054 054051 051051 055050 049050 049049 055055 046050 050048 051046 055055 053051 052055 051048 048048 051051 047048 055049 052047 054054 051054 055052 052049 047054 052049 052052 051049 048053 046049 053050 050049 047053 048050 050052 048052 054054 046052 049053 048049 046046 046046 050050 055049 054051 053053 055049
i522, 055046 049053 050050 052052 055050 051054 047047 049053 055053 047053 054053 050046 046049 047049 046055 047048 051047 050049 052052 050052 050054 046051 053053 046052 051050 052054 046054 053050 053053 047047 054049 052051 052048 055054 054052 047047 046047 055053 055047 052051 052052 050047 050049 048054 046048 051046 047054 047047 050051 047052 054046 053047 047050 046052 052046 046054 054047 055050 049049 050050 050049 051053 046048 052051 046052 053048 046050 046055 051051 046053 055049 055046 046054 050050 055049 049053 047047 050055 047052 054051 055049 052055 055049 047050 050051 055051 049051 047052 052054 054047 050052 048051 053048 055046 050051 048048 052055 055048 053053 048051
i16, 051055 054049 053050 050050 055050 051046 054053 054053 046053 053048 049048 047052 050054 052048 046046 051048 048055 046049 052053 055054 046055 051055 048048 053055 050046 048051 053049 055050 049053 049047 049051 049052 048048 054054 054053 051054 046051 052046 047055 047052 052052 053055 047053 048049 046048 052052 046054 055051 046046 050049 049046 052051 053046 047050 054051 048052 051053 051048 048054 049049 054054 046051 047050 051050 055046 051054 049055 050050 052048 051051 054051 055055 050052 051051 050055 055050 050047 053047 052054 055051 049050 048055 050046 051055 048052 047047 050048 055053 046046 052050 050049 050054 048048 047047 051053 048053 052047 051048 052053 048048
i657, 049046 050054 052055 052052 049052 050050 047054 047053 046048 049053 048052 054051 046051 049049 053046 046053 050047 047046 052051 055051 050048 054051 049049 047052 048050 051051 053047 048055 050048 049055 054053 050049 046053 054051 054054 053047 047046 055046 046050 047047 055053 055053 052051 050051 046054 052052 055047 046052 046047 051052 046049 052052 052048 053048 051055 049047 052051 051051 049054 049049 054049 051051 047047 053052 052052 054053 053046 047050 053048 054051 053050 052055 049050 054050 054054 052050 046051 049054 048055 052055 047051 048048 051049 047050 054051 054055 050050 051048 047051 054048 050046 047051 055049 046047 047049 046048 054055 047051 050050 048048
i303, 055055 051052 051055 051051 050055 055051 055049 053053 048055 052053 055054 053054 046054 053054 046048 054051 049052 052050 051051 054050 054055 054054 052048 055047 050055 050051 052055 049048 048050 053052 048054 047048 048046 051052 055048 047050 052055 047055 046050 055047 055053 046051 051053 046049 053054 051049 046055 046054 046049 048051 051049 053054 053051 048047 051051 053052 053055 050050 046051 049048 055049 052051 048052 051046 054048 053055 055049 050051 051050 054051 053050 048048 051055 052048 055049 055055 052051 048047 046052 049051 051049 047055 049054 050054 046046 055052 050051 051055 052052 053052 054053 052052 050051 048046 051047 052048 055052 046054 053053 051048
i633, 048048 054051 052048 052053 055053 051054 046054 053053 046046 048053 048048 054047 049046 054053 052046 048053 054047 046049 052051 054050 055046 054054 054047 052055 046048 048054 047049 050049 053053 053047 054054 054047 052051 047047 048051 047054 053046 055047 047050 050052 047055 050053 053053 055046 054054 046046 047046 051047 046054 047049 054049 052051 048053 050053 051050 054046 052046 049054 055055 049049 049050 051052 054054 050049 046055 053048 055047 051048 047053 049049 049049 052049 051046 051051 049049 047055 051051 055048 048046 051048 049053 053047 055051 051051 050051 054049 049050 047047 046046 049055 046051 050050 049051 046047 047050 053050 055049 048048 053053 049055
i726, 049050 053051 052052 052053 051050 050051 055051 053046 047053 053053 053048 049049 050046 047054 055055 048053 047054 049046 051048 051052 051052 046046 055049 053046 048050 053049 047053 047055 047046 051054 049050 052052 048051 048051 053054 049054 047048 051048 047047 052052 055055 051053 051049 054046 046046 053046 046046 047049 052053 047050 050054 047047 055048 047051 051049 052047 047052 047047 052053 053050 054050 050054 047048 050052 046052 053054 054053 054055 048048 053054 050054 051048 053051 046050 055050 055048 048048 055048 054047 055055 053051 048053 048050 052055 047054 050053 054054 055047 046046 049049 046048 052050 050051 047053 049047 050049 047055 047054 050049 048055
i27, 051050 054049 051050 050046 048055 046054 051051 052047 047049 053052 052050 053049 054049 049047 046047 053048 054048 051054 051048 052054 054055 054051 047050 046052 054046 046053 048052 052049 053053 047047 050054 052052 051046 051051 052053 051050 051055 055047 047047 052052 047055 055051 047050 050055 048053 053046 050047 046054 046048 049049 046051 052054 048053 051050 055049 047052 051049 054051 052054 050050 046052 051051 047047 051050 055052 053053 050055 051050 048048 051054 049048 048048 051052 051051 051050 055052 046048 048046 046048 055046 048054 055052 055046 052050 055052 047050 048050 048052 049055 046054 053054 054050 053050 049049 055047 049048 052052 055051 052053 049055
i721, 046048 055054 052052 046054 055051 054047 046052 052053 051051 046053 052050 054053 046054 054047 048048 046055 047047 053054 053052 047047 046054 046051 049053 047053 055050 051048 048048 055049 053053 049052 054052 052052 051049 049051 054054 047047 048055 052054 052048 046051 055050 054055 049053 052046 054046 052046 052050 049049 050046 055054 051055 052052 053046 046050 055052 055052 046049 054050 049049 055055 054050 047046 052050 052046 054055 047053 049046 047051 048048 051054 050055 048053 055054 051053 055054 048053 049054 055054 051047 053052 050051 055046 048055 050052 052054 047051 048048 049053 055052 046047 050053 050052 049049 048049 054046 048054 055048 049048 051055 055053
i764, 055049 053050 052048 053054 049049 054052 046047 053047 047048 053048 048052 049054 046046 047052 049046 053048 054052 050046 051049 051054 054050 055054 049054 053055 050050 051051 047053 055048 047053 051053 051051 048052 046048 047054 052046 052047 055047 053047 055046 051046 055055 055051 047051 050051 046051 054054 052047 046046 046046 054050 050051 051052 052048 053047 051054 047047 052052 050052 049049 054055 049049 046051 053047 054047 055052 053050 053050 051054 053047 050053 052050 052051 046046 050050 052052 047055 054048 050053 054054 048054 055050 046053 055055 054050 050049 054054 050048 047051 051052 052049 050048 052050 052055 046054 047050 048049 055055 054054 054052 048055
i32, 046052 053055 052052 052051 049051 047054 053054 047052 047053 053053 052053 049049 054049 046047 046055 055055 046048 050049 054053 054054 055049 055046 051048 046046 054055 048049 051053 049049 053050 052047 054052 047047 048052 047047 054054 047047 051046 047047 047055 048051 055055 050055 053047 046051 055047 053046 054054 054046 049049 047054 046049 052048 053050 049046 051054 052055 048053 048055 052051 049050 050047 049046 054047 046051 046052 048046 053047 051054 054054 049051 048055 053048 053052 051048 052053 049055 048052 048050 053046 051055 051051 055048 054055 051046 047048 047054 048048 049052 052049 051049 052055 047055 050055 046049 049053 050054 055052 051051 055055 055055
i728, 055052 052053 052052 052053 051055 051046 047051 053053 048046 047049 048048 049049 050049 054049 052051 054055 050055 049050 050049 053054 054046 055054 048047 053052 046055 053055 051054 048050 049046 054052 049049 054052 052054 051047 053051 047047 053047 052048 047050 046047 055055 054050 053047 046051 054047 054052 051054 055046 051054 048047 048046 051047 046055 051053 049055 046052 049053 055051 049054 048050 049052 054053 047047 047053 052051 053049 055053 051048 048046 049054 050053 051050 051049 051054 055047 048047 055054 049048 054046 055053 048049 046046 046049 051052 049051 054053 048052 047047 046052 055048 046046 048047 050048 047047 052054 047049 049055 047055 055051 046049
i77, 055053 055051 052052 052052 049052 047046 051053 054052 051047 047053 047049 053054 051050 047046 052050 051051 054051 046052 052052 052052 054050 051051 049052 052052 050055 054048 053047 050049 050046 047052 050048 051048 048048 051053 048055 047046 054046 047055 050050 055052 054055 055051 047051 050047 053046 050052 049054 055054 054051 047054 055051 047047 048055 052052 048050 049047 047046 048054 055054 047048 053055 046046 047046 050046 052052 051050 054048 050048 048054 049051 054049 055049 053053 054052 047051 048049 054054 048055 052054 051051 049050 053054 051046 055054 049055 054055 050051 050052 052052 054046 055046 048053 049051 055047 053052 048050 055055 052055 046051 048049
i290, 051048 048050 052052 053052 052052 054050 051046 054048 054047 053053 053053 053047 054049 052054 052046 048055 055048 046049 046049 054050 049053 051054 049050 047047 053048 050051 047047 049048 048049 049054 054053 054047 048052 046051 052055 047047 046047 052047 055055 047055 055054 047050 055053 046055 046046 053049 047046 046047 049048 048051 053046 052053 047046 050051 051047 046047 049046 054051 049055 049054 050055 051046 046052 049050 052046 053051 049052 050054 048048 051054 054051 050053 053046 050051 050047 050050 049047 050055 047046 055046 051048 048051 055049 050050 051050 047051 050048 047047 048046 050049 054055 051055 055048 052054 051049 048048 055047 052049 053053 049049
i594, 053050 049054 050052 052050 049047 051046 049046 047052 048046 053053 054047 049049 049046 052054 055048 052053 047051 054050 052050 055050 051054 054046 052048 052048 053050 048053 047047 050050 046053 046049 049054 051047 048051 051054 051053 054050 050046 048047 050050 047055 047050 050055 053053 054049 046047 051053 047054 055052 046051 052055 053053 051052 046053 048046 051055 051054 046052 054054 048049 050050 049050 046047 052050 052051 052052 053053 055051 054050 048048 051046 052048 051049 053049 050051 055048 053050 049054 055047 047052 054046 053049 047055 049048 052047 049050 054054 050050 055053 047046 049055 046051 050051 050049 048049 048049 050046 055052 055055 053052 055055
i637, 055052 048049 046053 052050 054048 046054 054053 053052 053055 052052 050047 047053 046054 053052 046049 049051 048054 054050 049051 055052 049052 054051 054047 053046 055053 051048 048053 049053 053053 051047 050054 049048 048048 053049 052053 052054 051055 046055 051050 047052 054053 051055 047047 046048 051047 046051 054047 055052 046046 054052 053049 047052 046055 053050 052054 055052 053053 048055 052054 053049 055052 046051 047047 049047 046053 050053 052051 049055 048054 053054 051049 050051 052047 047051 049049 050052 054047 050048 047052 051055 049054 048048 055048 051050 055046 047051 050050 051049 046052 049053 046055 052055 048049 047055 054047 046047 055049 055055 053053 049055
i387, 055048 049051 051048 053052 048051 046055 055054 047053 051051 047053 047055 051049 046054 053054 051048 054054 051048 046047 049050 054053 054054 055054 054052 052054 055054 050051 052051 048050 046048 047054 049050 051052 053050 048046 053055 052047 046047 055047 055050 051052 055055 050053 047051 055055 046047 046051 050047 046046 046046 047049 049051 052048 049048 047047 052053 047046 055053 052050 049054 053050 052054 051047 054047 054050 052052 055055 052053 047050 051048 051053 049055 055051 055047 048048 054047 055047 052048 050050 054046 051053 048048 053048 050048 054051 046049 047054 048046 049055 052054 054046 054050 051050 048048 052054 048048 050052 055052 055048 053053 055051
i571, 049055 054051 048048 052052 050052 051054 051047 047048 047048 052052 054052 051051 049046 054047 046047 053053 051050 046046 050054 050054 050050 055054 047054 055052 050055 048055 053047 055053 053047 052049 054052 051052 050046 054051 053053 054047 051046 048047 050055 052047 054054 051051 053047 048053 048047 051047 050051 047046 046048 052048 046053 047051 053052 052050 050054 049047 052054 055051 050050 049050 050049 047046 052046 052048 052052 050053 053053 054051 049054 049051 055053 050049 050052 051049 047050 051047 050047 053047 046047 049054 048050 048051 046051 051055 049054 050054 055048 051049 052052 047049 052050 048053 048049 046047 048050 050050 052049 051055 053051 050052
i42, 046046 049052 052052 048052 051048 054049 055053 047047 046053 053048 048048 046047 048046 047047 052053 055055 054052 050047 051050 051054 046054 046054 049049 052053 048048 048054 046048 053050 046053 055052 054053 054050 048049 051049 054055 047047 048048 048047 047049 048047 053052 051050 049053 055046 052048 052052 054054 053055 048046 055054 046046 054052 049053 050046 046054 054049 046052 053047 049050 048050 051049 053055 048053 051050 052053 052047 047049 050054 046053 054053 053049 051048 046051 051051 047054 054052 050054 050054 047052 053047 048053 054053 049051 052052 047050 054050 048048 046055 052052 055055 046050 054048 050050 049055 054050 049052 054047 055052 053055 049049
i500, 046049 051054 054055 054052 052051 054050 053053 052047 047048 048053 055047 054049 046050 054053 047047 055048 052048 049054 053049 052054 054048 051054 052049 047048 048054 051054 052049 049050 052050 051051 049054 052051 052048 051054 053052 054054 049055 055055 055050 052048 055055 052046 047053 048050 046048 052049 054047 052047 051046 049049 049055 048052 049053 050050 049051 047048 046052 048047 054050 049049 054055 051051 051047 050051 052052 051050 053052 054051 048053 051051 053055 047048 050051 050051 054049 048055 053047 055050 047049 051048 051048 046053 046049 051052 055055 054052 050055 055050 052052 049055 050046 052050 049050 049046 046047 052049 049052 048051 055051 049049
i626, 046055 051054 053052 046050 052053 047051 046051 048051 047054 053053 048047 051053 048046 054048 055055 055053 050054 046054 049049 055050 055052 051054 047053 047055 051054 053048 052047 053050 047053 053046 054052 052051 046053 051052 055053 054049 050047 055047 051047 051049 055053 053050 051052 051046 046047 046051 052049 046054 048055 049049 053051 052052 046046 050046 047054 054052 046051 055054 054052 047047 050049 046055 047052 047050 053052 054054 055053 054052 049053 054053 049053 050048 049052 046053 052047 052047 048047 048050 054054 054051 049048 054046 051049 050048 049047 047054 050048 055051 052049 048055 047052 054054 055050 049046 054051 049047 049055 055054 051053 048055
i175, 048051 048054 051047 055047 055055 054051 046055 053053 048047 047047 048055 055053 046049 054053 052052 051054 054054 054050 051049 052050 054049 051046 054049 052046 048050 053054 048053 053050 047049 047053 054054 052052 046051 051051 053054 047047 050055 053047 055050 052050 050052 052050 046051 050055 051046 052052 049050 046046 046048 047049 050050 048052 048052 046047 051054 052047 047049 047048 048048 054050 055051 051047 046052 051046 048052 047048 050046 051046 046048 053051 053048 049047 052052 055052 051049 052053 048052 048051 046054 055046 051049 049046 049050 055046 052049 054047 055050 054054 046052 050052 054054 050050 050055 047047 049051 048053 055049 051048 052055 050046
i420, 051047 054054 052052 052052 054049 046050 047052 053053 047048 046047 052052 046049 054048 054047 046046 054051 046048 046047 053052 050047 054053 055048 047053 050052 048051 055054 047047 053055 046048 047047 051051 052047 052052 051049 050052 054051 046048 049054 050055 048052 050055 055053 047047 055053 046053 049052 054047 051046 051046 047052 055046 052051 049049 050051 055051 055047 052053 047051 052052 055049 050053 047051 050052 051052 048052 054054 054049 054050 051054 054053 048055 049049 047053 051050 049052 055048 052054 055048 049046 048046 049047 047046 047048 052047 047050 055054 050048 046047 055055 051054 054050 052052 049050 049047 049051 050050 049054 052048 053053 051047
i128, 050050 051054 051052 054052 050051 051055 047047 054053 046051 053053 047049 054049 046046 047054 046046 053048 048055 046052 049051 053054 052054 054051 048048 052047 048055 052055 047054 050055 053051 048047 050052 048048 051051 051051 053052 047047 055047 055055 047050 047046 050055 051050 055050 049046 047047 051046 053054 051046 047048 049054 055046 048052 046049 047053 046050 052051 051049 051050 052052 049053 052050 046046 048047 054053 054052 048048 049052 052054 046051 053054 048052 050055 049050 052051 046055 052047 050047 053054 052046 052049 048049 048048 049046 055051 052050 047047 048048 055049 049052 048046 050055 051051 050050 046054 055052 047050 055055 051049 050050 049046
i739, 046046 052055 054055 050053 055049 051054 054053 054047 055051 053051 055053 051047 054051 054052 046047 055049 051054 050046 052051 047054 047054 051054 050048 055052 051048 052051 047047 055050 053054 051051 054054 049054 046051 047049 054052 053047 048048 055047 049047 046052 050055 051051 046053 051050 047047 052054 050046 049046 049050 050049 051054 051052 046047 053046 054054 047054 053053 051051 046055 054055 049049 051047 050049 050049 049052 053054 054046 050047 047047 051054 050053 050048 050047 054046 047054 049055 054054 050054 053047 048051 048049 048046 048048 051051 049050 050050 051051 049048 048054 049055 054046 051047 055050 047047 048047 048047 055055 046052 053051 050050
i123, 050050 051053 052054 052052 050050 051054 046054 048048 049053 053053 047053 054047 049049 048055 051046 055055 047051 054054 052046 047047 049050 051051 050052 047047 050050 054051 047047 049050 050052 047051 050053 052051 048052 054051 055055 049047 053048 055049 051047 048052 048052 054051 047047 051053 049046 051051 052047 054049 046046 048051 051051 051052 055046 050050 053051 055055 052052 050050 052048 053049 055052 051046 052047 054052 052052 048050 055052 051052 047048 051046 049049 048050 053049 052047 051055 049050 050050 055055 054047 054051 052047 047047 048055 051052 050049 046047 050050 050051 052051 049055 052051 051050 055053 046046 049053 049049 052047 055051 051051 048055
i309, 048047 054051 052052 054050 050050 046055 055051 047053 046048 053048 052047 047049 054046 048054 047047 053048 055048 054054 051048 054053 054053 046047 050047 055054 050050 054051 047047 050049 054053 047052 053047 050050 051052 054049 055053 047047 047047 052055 046047 047046 055054 053051 051047 048055 051046 051052 052047 049046 051054 049051 053053 053051 049052 050050 050054 055051 046052 051055 052052 054055 050052 047051 048048 048048 052052 053053 055052 054049 048048 054051 054054 051052 046052 052048 049047 052055 050046 052051 046046 051055 050048 055053 051046 050052 052053 054046 050050 050055 050050 049050 055050 047051 049054 054046 053049 050048 050055 055055 052052 055055
i734, 046048 049054 049052 047052 050050 050055 051046 054052 053050 053053 052054 053049 054051 047052 046046 055054 046048 053049 051050 050055 049054 054046 049047 046046 050054 051054 046046 052049 052046 047051 051054 047054 053049 054052 051055 047047 055046 047055 047050 052052 052052 051053 049055 051050 047052 051052 051049 046046 048049 047049 055051 047052 049047 051050 052055 054052 049049 050051 049052 049049 051050 050046 050048 054050 046048 054055 046054 054047 048048 051053 055054 048047 052047 051051 055047 055050 052054 046047 047054 048048 048051 053053 051047 047054 049046 052050 049048 047048 049052 049052 054046 050050 050049 048046 052047 050050 055055 051055 051051 055050
i773, 048047 049051 052048 052052 050055 054047 046055 047053 048047 049053 048054 049047 050050 055052 046048 053053 048054 054054 046046 047055 048046 051051 048048 055046 054050 048054 053047 050049 053053 052051 050054 047052 049046 054054 055048 050050 049051 047047 050050 047052 055050 050055 051051 046053 048046 046053 052054 051046 054046 049051 049053 052052 053046 050050 052054 047051 047049 050050 049049 053053 054049 046050 048046 052051 054053 047053 055049 047048 048051 052046 048049 050048 050052 054054 053047 055049 048050 048048 047047 055051 052050 048051 055049 055054 049050 054051 049050 051050 052046 052055 046054 050051 049048 047046 047046 050053 052049 052051 053052 048052
i510, 046048 051055 050052 046051 055055 054046 047052 048047 055046 053053 053052 047049 049051 046047 048046 055053 054047 049054 050052 052050 047049 054054 053047 046046 048050 050051 048051 050049 050053 053052 049046 049049 053053 051051 052048 047047 051054 049055 050050 047047 055052 053048 051049 046055 047048 051052 051054 051046 046052 049050 055049 051047 046046 050053 051046 052047 055046 054050 051054 055050 055051 050046 050048 047051 048053 047055 050050 054048 051049 054046 050049 048047 055050 050048 050047 055047 055047 048055 052054 051051 049051 048048 049055 055047 055047 054052 050050 055055 052046 046051 046046 048050 053048 055047 049047 049046 055049 055052 050053 046049
i317, 046053 050052 052054 052052 051055 046047 046051 053052 049047 053052 049055 051049 046046 055049 052052 055048 054047 049050 055048 052054 054049 054046 051048 052047 050050 051048 055047 049050 054050 053051 054050 052052 048052 049051 053055 047047 047048 052055 046047 046054 055055 050053 054047 051049 047048 046051 054055 051046 046047 054048 046046 052052 053052 053050 052050 054054 049046 051050 055054 054047 054054 053046 052053 048046 048052 053048 049053 051051 046048 051051 049048 049055 046049 047051 048053 050050 048047 055055 055054 046055 049049 051053 051048 051052 050055 046047 050048 055054 052048 054054 055052 047051 047050 046047 047054 050049 054055 051051 051050 048049
i650, 053046 054048 052055 050054 053049 054046 046046 053053 051048 049053 055048 054047 046046 052054 046048 054051 048054 051046 054049 054054 053049 051054 048049 052047 055046 054051 048051 049049 055054 047051 053053 054051 052048 053054 052053 047054 047055 052052 051046 052047 050050 047054 053050 051046 046048 046054 051052 055047 053051 046049 050053 052054 046053 046046 054051 052054 047049 051055 048052 047048 054055 046050 048048 052050 052048 050047 053050 054047 051054 049053 049055 050050 049055 047051 049055 052053 054049 048054 046052 051053 050048 047046 046046 047046 046050 055051 048049 051055 046050 049052 054050 053054 050048 049047 047053 048047 052055 048051 053055 048046
i239, 049055 051053 050052 046052 049051 046046 047046 048053 055048 053053 048054 049054 046046 052054 052047 053051 048048 054046 050052 053054 054049 054051 047047 055055 053048 053051 048053 049054 046046 052047 049049 052054 048048 054052 053052 051047 055047 055052 050054 047052 055049 055050 053050 050051 048046 046048 049050 052049 048049 049049 051050 048052 046046 052050 051054 048046 046047 049051 054052 050048 052053 048046 047047 046051 052052 050050 054053 049047 051048 051051 050050 050051 046053 054051 047052 052055 050047 053047 047054 051046 046050 048055 055048 046051 052054 047054 055046 054055 047050 055052 055052 047049 050048 047046 049055 046048 047055 052051 053053 049049
i82, 046049 051054 050048 052054 052050 047054 046046 052054 049047 053053 052053 049049 049049 047047 046050 048055 047054 049049 050051 050054 054046 047051 052051 055048 048054 053051 049055 048055 049052 051047 054054 051052 052048 051055 055053 055047 047046 053055 047047 047047 055054 046050 053050 053049 048053 052054 054047 046051 051047 049054 046051 052052 046046 046047 051054 049052 049049 051051 046052 055048 049055 048055 053050 052049 052046 050053 053046 051050 048050 052054 053048 047046 054050 049050 047049 055049 046054 047050 049052 048049 055047 046048 055049 054050 055049 047054 048048 054055 046047 055053 054046 051051 047048 047046 051053 049050 052049 051047 052055 050049
i370, 053046 049051 050053 053053 048055 050051 047046 047048 048054 053049 055052 052049 049054 047054 047046 048048 048054 054054 052046 054050 046051 051047 047047 047046 053050 051051 047048 049052 053048 051049 050048 049054 054052 054048 055055 054054 055055 053055 047048 047052 054055 051051 054053 050050 053047 054054 052054 051054 054054 049055 051053 052052 052049 052050 052049 054047 053049 047055 054052 053053 049055 051046 047048 052051 052053 051050 054053 049051 053053 054051 048053 050048 053046 051050 047055 050055 052046 054048 052052 055051 049049 053048 046055 055050 049049 054047 050049 050047 046046 049053 046046 050051 055049 046046 046047 047046 050049 055051 053053 046055
i549, 051048 051051 052050 048046 053055 051054 046051 053051 053054 047048 047054 049049 054046 052052 051055 051054 050054 052048 053052 052050 054054 046054 048049 052055 054048 050051 052048 049053 053052 054051 048054 051054 052050 051046 052053 049054 048047 055052 050055 054052 055053 055054 047053 049055 054051 049049 054047 051046 054048 050050 046053 054052 053053 048052 049050 055052 046046 047046 052048 050048 055051 046046 047049 051046 053048 048050 052054 049050 052051 051054 048048 048049 050055 050050 049055 052055 047052 055054 052052 052055 046047 051053 055048 051050 050055 054054 051050 046051 052046 050053 050054 051054 050049 046053 051053 046050 047055 052054 047051 050046
i144, 049049 053053 054052 051052 049053 055055 047046 053053 048046 053053 047050 054053 046046 046052 048046 051048 052048 054049 047053 050052 054055 054046 049049 055055 049050 052050 054051 048047 046053 047052 050054 047054 053054 049049 048055 055051 053046 048052 050055 047052 055052 050051 047047 048051 047046 052054 054050 052046 051052 046047 049055 053052 046053 047053 054046 048047 049051 055050 049052 050047 055052 055047 052050 051048 053052 051053 054050 054050 048053 055054 052048 048048 050050 052047 050047 055047 054054 048055 054052 053051 052048 053048 048055 053047 051049 051054 050048 051055 052052 049050 048053 052049 050048 048047 051050 050047 052055 052049 053051 049048
i210, 049049 048055 055048 046052 052052 046055 054047 047054 048051 053046 052053 049050 046048 054052 046046 051055 049054 049054 053046 050050 051054 051051 053049 047052 053049 054053 051053 053049 049049 052048 054051 051052 051051 051048 055048 054054 051051 052053 046050 052047 055047 050047 055047 046046 046046 046051 049054 047046 054051 054047 055053 047051 053049 051046 054051 055054 053046 051054 052048 055050 049054 046046 053048 052052 048052 055053 049052 048051 054048 054051 049048 052050 047055 051052 049055 055047 047047 053047 046047 055046 054049 048055 055046 046046 049055 055054 051050 055047 055046 050054 046051 048052 050055 046047 054049 050048 055049 051048 051053 049048
i754, 048048 052055 055052 052052 055052 050054 046047 053053 046048 053048 048049 049054 046049 049047 052047 055055 050047 054053 053049 054054 054054 054046 047048 046055 046050 055051 046047 053049 053050 047047 053051 050054 052051 051049 053055 054050 055050 052049 047047 052047 052052 051050 047046 048049 047046 052052 054049 051046 048046 048049 054055 048053 052053 050051 051047 052052 053046 054051 055052 047050 050050 051047 054050 052052 053052 054054 055046 047054 048051 049046 052049 051046 051052 054048 047055 055053 049049 050052 052047 055055 048049 055048 046049 050054 050050 054050 048050 046055 046046 054053 048046 047047 050048 054054 053048 048048 052052 047054 051051 046047
i83, 055053 051048 052053 053050 051048 055055 046051 047053 049048 051053 050047 046049 054046 047053 046055 055055 047047 049050 049047 054052 054049 055051 052049 046047 050053 051051 053052 049050 052050 055047 054050 048049 054053 051049 052050 047047 047050 055055 047050 047050 055055 053055 051049 049055 048054 051051 054054 047051 048046 054047 049053 052052 048046 050053 052049 051047 052047 050050 052048 048055 054050 051046 053049 050047 052053 055047 048050 047050 048046 049048 053049 048055 046050 048048 051052 052050 048048 054047 046046 055052 049048 046049 050049 047052 051049 047050 050050 051050 047052 047049 046050 051048 048051 049046 051049 046050 055049 052052 053052 051046
i743, 049046 054051 049052 054050 052049 046051 046055 053054 054047 053048 054048 049049 054049 049047 046055 051053 054050 054050 052050 054047 055049 051055 050047 053055 055055 049051 046047 050053 046048 048052 050049 054052 052053 049054 054053 054047 047054 047052 055047 046052 052055 047047 054051 048055 046046 051052 052054 046054 046047 047051 051053 047052 053053 050047 049051 047055 047046 051055 054048 048055 054050 050047 053054 052050 046052 053047 053050 049050 049048 052053 055055 052048 054046 051050 055050 048047 048050 055055 052054 052055 055049 048047 055052 050050 047050 052047 053050 051051 050050 049055 052046 049048 053051 051047 050050 049047 055052 051051 046051 046048
i321, 050055 054054 055052 052054 050052 046050 047049 053053 051051 053053 052052 049046 046046 046054 046047 055051 049047 049050 052051 050054 052052 054051 047054 055055 053053 053052 048052 049050 052047 052052 054049 054054 048052 046049 052050 054054 055053 052047 051050 052052 055055 050051 053047 049046 047051 050054 055047 046051 051046 049055 051049 052054 055053 046052 055051 049047 053051 054049 049050 048055 055055 051051 050049 053049 052055 050053 055052 047054 050048 046047 049052 046049 051050 050051 047055 050055 055046 055055 049046 051052 047047 047048 048050 046046 049049 054055 050050 048051 047046 050054 046052 050055 055049 054049 053046 046048 055052 055054 052051 049050
i384, 050055 053051 053052 046046 050052 047047 055054 053047 048049 049047 048051 049047 054046 052052 047048 048055 048046 054049 046048 047047 050051 054051 053054 052052 048046 049051 052052 049053 049054 051047 052054 046052 048053 049052 055052 049047 055053 053047 051046 046052 054053 048051 051055 053046 047048 054054 050055 055046 046047 052049 051051 046052 053047 053050 048052 052054 049051 050055 055054 049055 052053 051046 048048 051046 052052 055048 052053 051054 049048 053053 049054 055047 046046 054051 049055 055055 046054 047050 049049 055051 048048 048055 055055 052051 050051 054050 050055 055054 055052 053051 054046 051050 048054 047054 049050 047050 048055 052055 054053 055051
i765, 047051 047049 052047 052050 051050 053049 047054 047053 051049 047048 048048 052049 046049 049046 047048 055048 054047 047054 050053 047054 051055 054046 050047 046053 055046 048051 054052 050048 052048 052052 053054 054048 048048 049053 054055 052047 048053 047047 047055 046052 049055 051048 050051 055046 047046 049049 046052 055049 048054 054049 053050 054048 046046 046052 053054 046052 053048 047051 049052 055050 050049 046051 047050 052052 054052 052051 053046 051050 046048 051053 050053 047055 050047 049047 047051 049052 047047 048050 052047 046046 053049 053055 049048 047051 050049 054055 050050 051055 052051 053054 048046 052052 049050 048048 051048 048049 055048 051055 053055 053055
i634, 055053 053054 048055 052052 054055 047046 051051 047053 047053 053049 048050 049049 054054 055051 046047 049053 047046 050054 049052 054054 051052 052051 052048 053055 048051 053051 047051 049050 052053 047047 050054 054050 050048 053049 055052 054047 048051 051047 051047 051050 055052 048051 047051 052054 046046 048051 054051 049046 054048 049049 049049 047050 048053 050052 055051 052052 049053 048055 052049 050055 051049 046048 050055 054052 046052 047053 054054 050047 051048 054046 048052 049050 051046 051052 055047 055055 046050 050055 046048 055046 055049 048049 050049 052048 050050 051050 049051 055048 052051 049053 054052 050048 048050 055047 048046 050049 054054 051055 055051 052051
i441, 053051 051047 048052 052052 051055 050048 046055 051052 048054 051049 055054 049050 054046 054047 047046 046046 051052 054047 047051 054050 050046 054054 054051 046055 053054 052054 051047 049050 046053 047051 054046 052054 050048 053053 052055 049053 051053 047055 055047 046052 055052 051055 055055 046054 048054 046048 049054 049047 046053 054049 049049 051052 053053 050050 055054 054053 049048 050050 052055 054049 052052 051046 047048 050047 048053 050054 054052 050050 046048 051049 047048 049048 052055 050052 049055 053055 047046 048048 055049 054048 049053 049055 048055 047052 046049 052046 055055 055051 050046 053050 053048 050050 048055 052051 046051 048053 055047 052055 049053 049049
i264, 049053 055051 052050 051052 048055 054054 046046 047047 054053 052053 047048 051049 054054 053053 046046 051055 054047 051046 052052 052054 054050 051054 052048 055046 048046 049049 047047 049055 054053 048047 050053 052051 048051 049048 053053 050054 046046 051053 050052 052052 047054 050051 053053 050053 054048 046050 046051 046046 046054 048050 050050 052052 053046 053046 049051 049051 046052 050048 046052 050047 049052 046051 050048 051051 052052 047053 055050 051050 048051 053054 053046 047048 054049 049048 054055 047053 048047 046050 047049 049047 053051 046055 055049 055047 050052 054055 050055 047051 046050 052052 054048 049051 050050 047046 051049 047047 055049 055054 055053 048049
i86, 055054 053055 055052 052050 055050 054051 046051 052047 047053 048048 048050 050055 050051 047052 047052 048053 055049 050048 053052 050054 049049 055046 055054 047053 055050 051048 053051 050047 052049 049052 049054 054048 054052 051054 053053 047050 047049 051055 047050 052047 054052 046050 047053 047048 047047 051053 049046 046046 051051 049052 049053 051051 049052 048047 054054 051046 052046 052055 049055 049055 055050 047046 047048 051047 055051 051050 046054 051054 050051 054051 046054 055055 055046 051048 052055 055048 052046 055050 047054 048048 047048 048047 048049 046051 055050 049047 055050 052055 052052 050055 047052 047054 053049 054047 047050 047049 052055 054052 052050 055049
i520, 051048 050053 052055 046053 051050 051055 047054 052051 046048 053053 050054 049046 054046 054046 047046 049048 051052 050054 055051 054055 052054 054051 047053 046047 046050 055052 048055 049050 053053 047049 054054 052054 046052 049054 055054 050047 048047 055051 051047 052047 050051 051053 051049 055050 054047 054051 055049 051046 054052 054055 051053 047053 053054 047047 051050 047054 047055 046054 054049 049048 046050 051055 053053 048050 053052 047047 048055 050050 053051 049049 050049 053049 049046 047048 055053 055055 054047 051048 046046 051052 054049 055048 049046 047046 050050 054054 055050 051053 052052 052046 050051 046054 049048 052049 054047 049048 055055 051049 051046 051055
i736, 048053 047048 053054 052054 050053 055046 051047 047052 048049 047053 053052 049047 049052 046053 055047 046053 052050 049054 050052 054050 053055 055046 052053 047055 054055 048051 053048 049049 046046 049055 053050 052051 052054 049049 046048 047047 048053 055052 048055 052052 055055 050051 052052 051046 046046 054046 050055 046049 046047 048050 053046 047052 052053 052047 054051 051047 047049 049048 052053 055055 052049 047054 049052 048049 055052 047053 055047 048050 051048 046053 049048 055047 047052 051051 049049 050052 048054 055046 046046 048052 049047 047053 049046 055055 047055 055054 048048 046050 049052 051053 055055 051055 048049 047048 053048 047049 050055 055046 053051 048055
i24, 052046 055049 052052 051050 055054 054055 051053 053047 055047 046053 052047 054055 054054 046055 048046 048055 055047 054046 049051 054047 054049 046046 054052 047046 048050 054051 047047 053049 046048 051052 054053 051054 048054 052046 054054 047047 046048 054055 050047 050048 055053 053053 053055 055050 048046 051054 046050 053046 047048 052048 050046 051052 053053 046046 054048 054055 052047 051050 052052 050050 055050 051051 048046 050052 055046 050055 055048 048054 048054 053051 049048 048050 049049 049047 054055 050055 052046 050048 054052 055046 049049 051055 050046 048047 051049 050053 051050 053055 046052 055050 048050 055050 047053 055054 046049 050053 052050 046055 051053 046048
i97, 048046 054055 052052 052053 051051 051054 046055 048052 055047 053053 049053 046049 046049 049052 051052 055048 047047 050054 046048 047047 055054 046054 050048 047047 055050 048052 048054 055049 053052 047052 051054 051052 048051 054054 054052 047054 053050 055051 054050 047047 055050 050050 046047 050050 046047 051054 051046 047049 048053 047051 053046 052052 049052 046046 053051 047055 053046 047055 052046 049047 047055 055047 047050 051050 051048 054051 052053 051051 054048 054051 051049 048050 050050 048050 055049 055047 054047 055047 054052 048055 046054 053048 046051 051049 054049 052055 046051 049055 049046 048052 054050 047052 048053 047054 053047 049050 046047 055051 051051 052055
i483, 051049 049051 051054 052050 049055 055047 047046 053054 051046 053052 053047 054049 046054 054046 047048 049055 054054 050046 052053 054054 049055 047054 048048 055052 048055 051053 052047 049053 053051 053054 053054 051052 048053 054051 055054 047050 048055 047054 048047 052052 055055 051053 053049 055055 046047 054054 054047 047053 046046 054049 050055 053054 054047 051050 054054 055047 046049 050055 052054 053048 050049 052051 047046 046047 052052 051055 053048 050051 048048 051052 046048 048048 050054 054052 054055 050049 047052 050053 046048 049048 052051 048049 055046 047051 055054 055051 051050 055053 054050 048054 054050 054047 050055 047049 049051 051050 055049 055048 053053 055051
i167, 048051 048048 053050 052050 048050 054051 053051 053051 046047 047053 055055 046049 049046 048049 055048 055054 047047 054050 053052 050054 054049 051047 049049 053047 054049 051048 051047 053050 049049 048053 054051 051054 048048 049051 054055 052047 047051 055052 051051 046055 055055 050050 051049 053055 046054 047054 049046 047046 051048 047054 049051 054054 049053 048053 055054 047054 052052 047052 049049 055049 046055 047046 050050 052046 052052 053054 049055 046054 048051 048049 055053 047050 054049 047054 054048 055048 048047 053050 049047 055054 051049 048051 048046 050050 050049 054054 050050 055055 052055 049052 053046 050051 053050 046049 050049 048046 047052 055052 049051 050047
i705, 053048 049054 051055 051050 048050 055049 046055 054053 055047 052053 050052 054049 046052 047054 046054 053054 048054 051049 052051 052050 055054 055054 050047 053046 053050 049054 051053 055053 048053 047049 050049 051047 054050 048051 055048 047055 055055 048051 051050 047047 052054 055055 053055 050046 046054 053052 052049 046046 046048 050051 051051 048052 053049 053047 054047 055047 052055 047051 054050 050050 049050 053052 050053 050052 053046 052054 053052 052047 053047 051051 050055 047047 053053 052051 051050 055050 047046 055048 052046 051049 049053 048051 051048 055047 051050 047050 050048 055047 046046 048047 052054 052050 050049 049055 047051 047046 049047 046055 051051 055055
i610, 049046 052051 052048 052046 050053 050050 053055 047048 055053 048053 054047 053047 054054 047054 047048 055051 054048 046046 052049 050054 046054 054051 052047 047055 048050 051053 047053 049055 053049 047051 050050 052050 046048 049048 053054 047051 049046 055048 049050 052046 052052 051051 051047 046050 053054 054046 046049 046046 046050 047047 049053 051054 049053 052052 047048 047049 050053 046054 054055 050049 051055 051054 046054 053050 052052 053054 049053 046051 048048 055053 050050 049054 051052 054051 051046 048055 048052 055047 049047 053053 049048 053053 049051 051054 048050 054047 050051 055050 055046 053049 046055 051053 048049 047046 046047 048050 055054 051046 053049 048055
i212, 052048 051055 053052 054054 047051 046051 046047 053047 047046 053053 048048 049054 054046 052055 046052 051053 055050 048050 048051 054050 055051 051051 049046 055046 053050 054054 055048 050049 054048 051047 049054 052054 052052 051049 055053 052054 047054 052052 055047 048046 054051 053051 052055 055047 048054 054046 054047 047046 051048 049047 050049 051052 053055 048052 051053 054051 046047 051050 049054 055049 050049 049046 047048 050052 046052 055053 050046 051048 048051 055053 049054 050048 046051 050051 047051 055049 046050 048054 051049 049055 049054 048053 055049 052051 046051 054055 050048 054047 050050 047050 055046 051054 050047 048047 051046 048046 055049 051052 053051 049046
i682, 055052 054055 050055 052052 053049 050054 051046 054054 055047 053053 055055 049054 046052 054049 055046 048048 054054 054054 052051 054053 052054 051052 049050 046052 055050 054048 047047 049050 046053 048047 050054 054054 048053 052054 054054 047051 053051 055053 055050 052052 054055 051050 051047 046055 046046 054051 054047 046046 049047 050049 050051 054054 052053 051047 050054 047047 053049 054047 052054 047049 055055 046046 047053 051053 046046 051050 054052 050047 048053 049054 049055 055050 050047 055051 050055 052055 046047 050050 046052 051051 049049 053053 050046 052051 050049 054054 055050 055055 052052 050053 050053 047050 050049 049047 049052 050048 055052 055054 051050 050052
i127, 051050 053055 053052 052052 053052 054055 055046 048053 048049 047053 047048 055047 050054 053048 048046 051055 055047 054053 052051 054047 049049 051054 050049 053054 050050 052051 048049 050049 046052 051055 053050 052052 052048 051047 051052 050054 055050 055055 055046 047052 053055 050048 053049 055051 053055 054054 052054 055046 046046 054051 053051 049051 046053 047049 047055 052054 047047 055055 049046 053050 055051 047054 048053 053049 052055 053050 046049 051047 048048 049048 053050 048047 050050 051051 052055 055049 047047 046047 052046 053051 049048 053048 055050 051049 050049 047047 050048 055051 052054 046049 055055 052046 047050 047052 047053 049046 049055 055055 046051 049050
i192, 049047 049053 052048 052051 053055 054050 047055 052051 053055 053054 048052 053055 046050 047053 046046 055055 047048 046050 052053 050054 048049 054054 047055 047052 050048 048048 050048 050050 047053 054052 050055 052052 048048 049049 055054 050047 050047 052055 055051 048046 052053 050051 047052 054050 046047 048049 049049 047055 048048 049050 053051 047054 046046 046052 054049 049052 046049 055049 051049 048050 052051 046047 047052 050050 052053 053048 049052 051054 051047 051053 049054 048049 047052 046052 052052 052052 048047 050048 054054 049048 051047 055048 049051 050051 054049 053047 050055 054055 052052 053052 054050 050053 050053 047054 054049 046048 048055 049051 053055 049046
i195, 046054 051054 053055 052051 050052 046046 051046 047048 051055 049053 052050 049054 049046 055049 047046 053053 047051 054054 049054 047053 054051 046055 049049 055052 055055 048052 053053 049050 046047 051053 048053 054052 052050 051054 053053 050047 047053 054048 055047 052052 054052 051051 047053 050049 046051 051054 054051 055046 050046 048048 051053 047047 052046 047050 052055 054055 046052 051051 054050 050051 049050 051051 053048 050050 052053 053055 053054 054047 051046 053051 050053 047050 050046 054050 047049 055052 046047 054048 054052 055052 048051 047053 046046 055046 055051 054054 050048 055055 051052 050053 054053 049049 048051 048047 047049 048046 055055 055055 051053 048055
i305, 048046 055048 048053 052052 054052 047047 046046 053053 047054 046053 055052 054049 054049 047049 046046 046052 048048 050049 054052 050054 046055 055051 048048 052046 055050 051051 051048 050050 050048 047049 053050 047048 052051 047051 055052 050054 046053 055053 050050 047052 050053 047050 055050 050046 047051 046052 047055 046055 051051 052049 047055 047052 055049 047046 051050 047052 053047 050054 054052 048049 052050 051051 047052 053049 051055 053053 052054 047050 048051 054046 055051 055047 050050 050051 051053 047050 054046 050055 047052 051047 048049 047048 055049 054047 046050 047054 048050 055047 046052 049055 053053 050050 048050 048054 050053 053046 047054 055052 051046 055049
i575, 048050 049055 055052 052052 053052 049046 046047 053052 054047 053053 047055 047051 047049 049049 046046 055048 047051 054050 049049 054052 050052 047048 047048 052046 050050 048051 046054 048055 053052 051055 050050 049054 048048 054052 048054 047054 047052 053052 048046 050052 055055 051055 052049 048055 047051 046046 053049 046047 047054 054051 054049 052052 053053 054050 051054 047055 046053 051054 049049 049048 052051 048051 053050 050046 052052 053048 050047 046054 054048 054051 048051 050053 050053 048048 047049 055053 054048 055050 052049 055054 054048 046047 051054 050054 050050 055047 050055 047047 052046 049047 055054 051048 050053 047055 049050 048050 047055 051051 053054 055051
i710, 054049 047051 052055 052054 055053 051050 054046 054053 054049 052053 055048 047051 046049 047046 055052 053046 054047 054050 048053 054052 054049 046054 047051 052046 050048 051048 052052 049049 053053 054052 053054 052047 052046 052054 048053 050051 048047 046052 055051 050052 049055 051054 047047 051053 054047 047046 051052 047051 048054 049050 054046 052052 049053 050052 054054 052052 052049 050047 055049 046049 049054 051046 048052 051051 048052 053054 051047 052052 048054 049051 050048 046051 054050 052050 054054 050055 054052 055050 049049 051054 049049 053048 049048 048047 051049 055055 048050 054055 050050 050050 050046 051050 049049 047055 051047 046050 049055 051054 051055 052051
i189, 049048 055054 049048 054052 052051 047054 051047 047051 048054 046053 047048 055046 050046 053046 048055 053053 054052 049046 050048 050054 052053 051051 052052 055053 054048 051054 047053 049049 046046 051051 054050 051047 046046 051052 052053 052046 055055 048046 047048 055047 053054 051054 051052 047050 046048 046051 052054 048046 048046 052049 049053 048051 046053 050047 051052 052047 054053 054051 049054 050049 055052 047046 048048 052048 051055 047053 053046 050050 049048 053055 052055 048050 049051 050050 049054 049055 050047 047055 049048 055054 048054 047048 049048 054049 047055 050053 050049 047051 052052 054049 046046 052050 050049 054047 049051 048050 055049 051054 051055 052046
i587, 046051 054055 052054 052052 048052 053047 051055 051054 054053 050052 048052 049047 050054 054052 049047 055046 050055 048049 048053 047047 054049 051055 052051 054046 046048 051054 047047 053055 052049 047047 052053 054052 051052 054052 051054 051047 051048 055047 050050 052046 052048 054053 047047 046055 046048 053046 046050 049046 046051 055050 046055 053052 049053 047046 051051 055052 049053 054055 050054 050050 050055 046051 052047 046048 053054 050047 049052 051051 048051 054049 047052 047049 050052 047049 052052 050049 046054 048048 047046 051046 049048 048053 055055 047051 047050 047047 050050 050055 046052 049053 046046 048050 050050 047051 050049 050054 055055 052054 053054 049047
i491, 048053 051053 055050 046052 051048 047050 053046 053054 053055 053053 053052 055051 054046 054047 046054 053053 051047 046051 051050 050052 054050 051047 055047 046052 049048 051051 048048 050050 052050 052047 054054 047054 048051 052049 053052 047047 047048 055054 050047 052050 052054 053055 047051 049055 053046 046052 055047 046046 051048 050047 053053 052050 046049 051050 049046 055054 049046 051050 049046 048048 051049 046046 047049 052050 052053 047050 055050 048050 054047 053048 047053 050050 051050 051051 055051 055055 047050 047050 046049 052055 053048 048048 055054 052051 050049 054046 048055 054055 047051 054049 046052 050052 053048 046047 053047 048047 055055 055052 050050 055055
i395, 050053 054051 053052 052048 051049 046054 055047 047048 054055 052053 052048 049050 054049 046053 048046 053055 055047 054046 051053 054052 054055 046051 048047 055055 048050 052054 053049 050055 053054 051052 052049 048054 048051 054054 054055 046054 051053 047052 050055 047047 055055 054048 051051 046046 046046 046052 047046 046051 053051 050049 049051 052050 053055 046050 046046 055052 046052 050050 049052 053053 055051 055046 048047 052048 052054 053053 052054 046050 048047 046053 055049 047048 050047 052051 055051 047050 047047 050055 046047 053051 047049 046047 048046 051047 050050 052054 048055 055053 054054 049054 048055 047053 050054 047047 047055 055047 055055 051055 055053 055051
i507, 055055 055051 052052 050052 053055 046046 052047 052054 054048 049049 054047 054049 054054 047054 046046 055048 047054 054048 048049 053052 052050 054054 048048 048054 054050 051054 053048 053049 053052 047047 049049 052048 048052 051051 053055 047047 055048 047047 050050 050048 055055 048051 047053 046051 054047 046050 046051 051046 053051 054049 055049 047047 046053 046050 049054 049055 053047 052048 050046 048055 052049 055051 048048 050047 052051 053052 052047 046054 048048 052054 050055 048050 055053 052052 046050 053050 052046 054050 046048 051051 050051 048051 053054 052052 050055 054054 050055 051051 046050 055049 046046 048051 048050 047054 052046 047050 054050 055055 053055 051046
i390, 048055 055053 052051 052046 052047 051050 051047 047048 049051 053053 048052 046046 050049 047055 046052 055053 048048 052046 051053 054054 054048 051054 049053 047047 048046 053052 052055 049050 048053 051055 054054 054048 048046 054051 052051 047047 047055 047047 050049 052050 055055 051054 053049 054050 052047 054054 054047 047046 048054 052054 053054 051052 053052 050050 050050 054047 047049 051051 049055 049054 046054 054050 046052 050052 052055 050047 051049 050047 048051 046051 054053 050046 046052 048051 054050 050052 054046 048050 052047 048055 048048 048047 049048 047046 050049 053054 048050 055047 048046 054055 046055 047052 053053 051049 053047 048048 055055 055052 051053 049055
i179, 055050 051054 052052 048048 055051 051050 047049 047047 047051 053047 052054 049049 051049 049047 046048 053054 054052 049046 054047 048047 049054 055051 053052 046047 050053 055048 053048 052049 052051 049052 051054 049052 050048 051054 052048 047050 047053 055055 048055 049052 055052 048048 051055 046048 048046 046049 054054 049046 047048 054054 046053 052051 046049 048046 054054 047046 046053 050050 049049 049053 051051 051047 054054 052052 048052 047053 050050 051050 048050 054046 049051 048052 050049 047049 053052 055055 048046 054051 054054 049052 048049 046048 055046 054051 046055 051054 050048 055047 055052 049050 050051 047050 049051 054052 047047 048047 055055 055055 052053 055049
i171, 055048 055051 052052 052052 055055 046047 054047 053047 048055 046049 048054 049049 054049 052053 050051 051048 047047 054046 049053 052052 053054 051053 047054 052046 054048 051049 049047 055055 047054 052052 049051 050046 048048 049046 054054 054047 052054 047047 048049 048052 047050 051050 051050 055050 047046 046052 046054 046046 048051 049054 053051 046054 055047 046046 049055 049047 053049 047050 054054 050048 046052 051051 050054 052052 048046 053053 047055 054050 048048 046054 049049 050047 046052 050051 052047 055053 054048 048055 052047 055046 047049 055048 055055 052055 047054 047054 050053 046047 046046 047053 055046 052049 048049 049047 054048 049050 052050 055055 052051 051051
i583, 051048 051051 052055 052050 050049 046050 047046 053047 055054 050048 048055 049049 052049 047054 046046 046055 049055 054047 046052 050050 051054 054051 048047 051046 054050 050051 047047 055055 055053 047049 053054 052054 048048 053053 055054 055047 053048 048052 055050 054050 052055 051050 048051 050055 053046 052054 054050 053046 051048 054049 046051 053052 046046 050047 051054 051052 055047 051054 046052 048048 053049 051051 053051 047050 052052 050053 055048 051051 046048 054049 049050 047047 051052 054052 049054 055055 049051 048054 054054 046051 049050 049048 048049 046055 054047 049054 050050 055055 052052 049052 046055 051052 055051 047046 048049 048047 049055 047051 050051 049049
i714, 050046 051055 053052 046053 051052 051054 047055 052053 051053 052053 048054 054054 049054 054052 046046 053046 054047 054049 049052 054050 054051 055051 047047 052048 048054 048051 052047 050050 049050 052054 054052 049052 048046 046052 054048 054054 050046 055055 055048 048052 052055 046050 051047 049050 052047 051052 051046 046046 051046 049050 046053 054052 049053 053046 052052 048051 051047 050054 046048 048055 049054 047046 046049 051050 055052 047054 052053 050051 048051 054049 050051 055047 047054 052051 049047 055052 048051 055047 052048 051052 049048 053055 051055 046050 047050 046051 050050 046051 046050 055052 052051 051046 049051 047046 047053 048046 052055 052054 050055 050051
i79, 049055 054051 055052 047053 051049 050050 053051 047047 051052 051052 053053 046054 046046 049046 046046 055055 051050 049053 048053 054054 054046 051051 055053 046053 050055 051048 048054 053049 048053 052047 049053 051052 049051 049054 053055 050052 046046 046055 050047 052047 052055 047048 047051 050055 048046 051054 047054 046046 046046 049049 047049 051052 054052 046046 052051 052052 049052 051054 054055 050049 055049 046050 052048 047052 052055 053052 050049 051047 047055 048054 049047 049048 049053 048046 054049 050050 047048 048050 049054 051046 050049 055049 046049 050051 055054 054047 051051 055055 046046 050054 048051 052052 050049 049046 051049 053053 052047 049051 053055 051052
i478, 046051 053054 055052 052052 055050 046050 054047 052048 047049 053053 047048 049054 054054 053054 048046 054055 048052 054050 053053 052052 047054 046054 052052 053054 051054 048052 048047 050050 049046 051052 050050 054054 048053 054055 053053 054055 053048 047055 055049 049054 049055 055051 053047 055051 051046 046052 054055 047046 047048 050049 050049 052051 053053 052050 054054 052053 049052 054046 053051 050055 052055 050046 047052 047050 051052 049053 051053 047050 048048 055049 046052 046050 050053 047051 055055 055050 048049 054054 049049 048054 055049 048048 051055 048050 051050 047049 050048 053047 048052 051052 054046 053050 046049 047046 051054 049046 052055 052055 051053 046046
i693, 055052 051053 051051 053046 050051 055051 051047 053053 047053 053052 050048 049053 046049 049053 050046 055053 046048 050054 050053 052050 054054 046052 053048 046047 055053 049052 048054 048055 053049 053047 050051 052047 051054 049049 055055 054047 047048 052048 055047 048052 055055 050051 051049 049053 047046 046052 053046 046046 049051 048054 046046 048052 052053 046051 052051 047052 046047 050054 049052 053055 050052 046052 049050 046051 048053 053048 050054 051054 047051 054051 050049 055049 052055 051048 050054 052050 048048 054055 051047 046046 049047 049048 051049 051047 049049 053052 053050 050047 052052 049052 055050 050051 050054 047047 053046 046048 054055 051054 053051 055055
