point 1
gen 0
lala land
l52
l86
l79
l88
l39
l94
l61
l54
l76
l70
l71
l8
l27
l26
l92
l41
l29
l43
l36
l25
l35
l9
l99
l32
l93
l10
l72
l63
l34
l85
l84
l69
l65
l80
l64
l42
l48
l6
l18
l21
l57
l13
l87
l59
l1
l22
l31
l68
l33
l40
l95
l17
l78
l81
l28
l0
l37
l49
l7
l55
l91
l16
l45
l50
l56
l66
l24
l83
l82
l23
l73
l11
l77
l44
l19
l58
l90
l5
l14
l67
l30
l3
l62
l47
l51
l74
l38
l2
l98
l53
l12
l60
l20
l15
l4
l46
l97
l89
l75
l96
Pop
i765, 054054 051047 049051 055048 055055 051051 047049 049055 051049 053049 054046 049050 050046 049047 047048 055054 055052 047046 054051 054051 046048 050046 046055 046046 049046 046054 053051 052052 048052 053053 053053 050048 049054 052051 047050 048055 048052 046051 052055 046054 055048 053048 047047 049049 052049 054047 050048 047054 046049 046050 047047 051046 051051 049050 054049 051049 051049 046052 053049 053052 052050 048046 048050 052046 048047 054053 048047 046052 050046 052046 047049 051051 048049 048053 047048 051055 050050 054054 048048 047054 048052 052055 047050 054054 049047 047047 046055 047049 046046 051047 050051 055050 054048 054054 050050 054049 048053 053053 049049 047055
i36, 052051 048048 051050 050048 052055 051054 054054 049048 048055 053047 050054 048046 050053 051048 052051 050049 053052 050046 051052 049051 052048 052047 053054 046055 048055 052054 053051 054052 047048 055047 047049 051048 051051 046046 049049 055048 048049 053052 052046 054051 047049 055055 054047 049046 049054 046050 054052 054048 054055 053054 055052 054051 049054 051049 053054 054048 047051 047054 055053 048052 050054 048048 048050 048047 051053 048048 054054 046052 050054 047053 055055 047048 051055 047052 047046 053053 053050 055055 048050 049048 055053 053050 046047 047055 048052 047047 047054 047047 054054 048054 053054 047047 055054 046049 050054 054049 050053 049054 052048 052049
i320, 054049 047051 050047 049055 048046 051051 054050 047054 048048 049047 054050 055049 046048 049051 051051 055050 048050 051050 049052 051051 053051 052046 053055 049053 046055 046054 053048 054052 053048 052046 046050 051046 053051 046052 048052 048049 048048 051052 052051 054053 055053 051051 051051 053049 052052 052047 055053 053046 049051 053055 050055 051049 047054 047046 049049 047055 050048 050047 053052 048049 047050 049047 055054 054052 048053 048054 052047 046051 053048 055055 047053 046048 051048 047047 049046 048055 055050 050055 050054 054054 047054 048050 047047 049049 053048 049053 046054 054049 046050 054049 051052 049055 052053 053049 054050 049049 053053 052055 049048 055046
i55, 052054 048051 049046 046054 049055 049051 046053 049049 055055 050054 047053 048047 055048 055049 051050 049050 052049 050047 049052 053051 051047 050046 048050 054049 046051 054055 053047 052052 048048 053053 049051 050049 051047 051052 049049 049049 047051 053048 049047 054047 046046 047055 051047 052053 047046 053047 051052 049055 046046 046054 051050 049054 053053 046054 054049 051051 046052 046051 052046 053047 051054 049051 052046 050051 047046 048053 046050 055052 053053 055055 055052 048051 051049 055053 047049 049055 050049 055053 048050 048054 048054 055053 047052 049054 048051 054049 051049 047049 046054 050047 053055 050055 053054 050053 049049 053053 054054 052053 049053 055049
i689, 050052 055055 053049 048052 053047 051049 047048 055055 053053 051053 047054 048054 048049 049055 048050 050049 052054 050050 047049 051047 052055 047047 055054 052046 052054 053052 053051 052050 048048 052055 053050 049048 047049 046051 052047 055048 050051 047048 049048 050048 050051 055051 049051 055053 054049 052052 054054 046048 051051 053050 051055 049046 051046 053054 055047 047047 050054 047052 055051 048051 052048 053051 050055 053052 048048 046050 048052 052048 053055 051051 049051 046048 050048 052055 048046 049048 054053 051051 050054 049046 053052 053055 052052 054054 049050 047048 054046 052047 054047 049050 050052 055055 051047 048048 050050 055048 053048 053047 053048 055055
i60, 046051 051047 049053 053046 052046 051051 053047 055051 049051 052052 049050 048048 051048 050055 051047 049055 052052 050052 052052 048053 052047 046047 051055 047049 048050 054053 052049 047052 048048 055047 049050 046051 048047 047046 052049 048048 048052 047055 051049 051046 048049 046048 047047 047050 049049 047054 050048 050049 049048 054054 054055 051051 055047 054050 053052 049051 049046 052050 049055 047047 050054 047053 055050 053049 048048 053050 046054 053047 053053 053051 049055 046047 055049 052055 055046 049054 055047 055051 051049 047048 055052 053050 049055 054051 048048 050054 051052 054049 050050 047054 054050 049049 055051 048053 048054 047051 050055 047053 049050 051049
i100, 052050 055055 050050 052053 052047 055051 054052 047048 051054 047052 046052 048053 049050 050054 053051 052050 052053 050055 052052 051050 048052 046048 051054 055052 046049 052055 050055 050050 048051 046053 055049 054048 048051 049049 049047 048048 046051 047055 049055 049049 055053 055055 051047 047047 052052 052049 055053 052051 051051 054054 054055 049049 050051 054051 049054 047047 054050 046051 046055 051050 050047 049049 048048 053049 048055 052047 050046 049052 053048 047051 047047 048051 050048 053052 052054 055051 050053 046046 048050 048055 054053 053050 050047 051049 048049 049049 047052 049046 054050 051054 054055 055055 053054 048048 049050 050048 054048 053051 049049 055052
i131, 054051 049055 046050 048049 054055 055046 048046 048055 049048 046053 054052 050053 046054 049047 053047 052052 052050 050047 052052 050047 055047 046054 054051 046054 055052 047052 053046 055046 048048 055053 049046 051048 051054 051054 049048 049049 046046 048053 051051 046049 052050 051046 055047 049049 052049 047047 054052 050051 051051 054046 054051 051050 046051 050046 047053 049053 051050 050050 053052 051052 050050 048049 055055 054053 053048 054054 050051 054052 054050 055051 049055 047048 050055 055053 046055 046049 050047 053046 050053 046048 055053 047055 055052 046054 047048 055050 052052 046050 047047 047047 050055 047055 051053 054053 055050 047053 046046 052053 049049 055055
i376, 052050 047049 050046 048054 047052 051053 053053 047050 054054 049049 054054 050049 055049 055049 047052 055049 055053 050054 046052 047046 055053 047049 055054 046048 055046 053046 051050 052052 053048 054047 053053 048050 048055 046053 052049 048055 054047 049051 049050 046054 046046 055051 050052 049052 049046 049055 055054 050051 051050 054054 055055 052051 049047 050050 054049 051051 050051 050047 052046 051049 049049 051052 046050 053049 048055 054048 046050 054052 049048 047046 055052 046046 050051 052055 054055 054054 055051 051047 048048 048048 052053 049047 047049 049048 049050 051047 051052 047047 046055 047054 053055 047055 051048 050053 047047 050048 054054 050050 049055 052055
i531, 052049 053055 055046 054046 046054 053051 054053 049055 055046 049052 052051 049048 047047 054048 051047 055055 052052 054050 051050 051046 055054 049047 054054 054049 046052 052052 055053 052048 047048 046049 049053 049048 049047 054054 049047 048048 046055 051053 049054 049049 046054 046051 051051 049049 052054 055047 050048 046049 050048 053046 051053 055055 051049 050055 049053 047046 052051 050055 055052 051048 052046 053051 049054 054052 048048 046054 052046 049052 054053 046055 053051 051048 055050 049054 054051 051055 053050 055051 048049 048048 053053 048055 047049 049048 047049 048054 051054 047049 048047 055048 053054 049055 048055 053051 048047 050050 046048 054051 048046 053052
i20, 054050 053054 053050 049055 052055 051051 052052 051049 054051 051048 046046 049047 046055 047046 052051 049052 053054 050047 052052 050047 048048 046052 053054 055046 046055 054046 048053 052050 047051 046053 053053 051050 055049 053051 049050 055055 050046 051046 047047 051051 054047 054051 049047 053049 052052 054046 053052 051050 049051 054046 049055 046051 049046 049050 049049 051047 052050 046051 053052 051052 050052 047047 046048 054053 046048 054046 052050 051054 054054 050046 047049 048051 048055 053048 049053 054053 053051 051046 048050 050048 055049 048049 046051 054054 048048 048049 051051 053053 047050 046055 054052 048055 054047 053050 047049 053053 049053 047052 049054 051054
i221, 052054 047055 053049 054048 047046 051051 052049 052053 055049 053052 052050 049049 048048 051050 053052 050049 055052 053051 054050 051052 050052 046050 052048 052054 051046 055047 053055 054051 050047 053055 052053 046046 051047 046049 052049 048050 046052 048052 053055 051055 047048 055050 047051 052047 052049 047046 048052 054046 053051 054055 055055 047049 054049 054046 052049 047055 048046 052050 053055 052050 047054 048049 050055 054046 048048 048050 050046 046053 046055 051050 054049 048048 051055 046055 047049 049055 050049 053048 048048 048047 052053 047050 052047 054053 050051 052050 052053 049046 046047 046048 054052 049049 055055 053053 054052 050049 046046 049053 050052 054049
i663, 051051 047047 046050 049046 053052 055051 049047 054054 048054 051048 049053 051048 049049 046046 050047 052055 052047 052055 051051 051048 047055 050047 054051 047055 055046 055054 053050 050054 047048 053053 053053 052046 047051 052046 050049 048048 046046 055048 051050 047054 055046 048055 048055 053047 052054 052052 048052 048054 051049 053053 054054 046052 051051 053051 053053 048051 050052 054051 052050 047054 048050 051048 055046 049049 048048 048046 046048 048046 048052 053049 055047 048046 055050 053052 049046 054049 051053 048053 050048 054055 047055 049051 055046 054051 049048 052054 049048 047049 046050 055051 053050 047055 050048 050050 049050 050046 050049 052053 048052 055050
i461, 054054 047048 046050 054052 046052 048055 053050 052052 048048 051048 047052 050049 055050 046050 053053 055049 053050 047046 051055 051054 053055 052050 053055 055055 051055 054052 053053 054050 047051 055052 049049 052048 048047 046052 055048 049055 048052 048046 049051 049048 048050 048052 046047 049048 049052 047054 053048 049046 049048 054046 055052 052055 049049 052050 052049 049049 048048 050050 055053 051051 054049 046049 055048 048053 047051 048052 046050 049046 048048 055049 051047 050048 055051 053046 052046 055048 050050 055046 052048 048048 054054 047055 049046 050051 048049 048049 052052 049049 048047 052050 055049 050055 047054 046053 049049 047047 053048 047053 049055 055055
i327, 054054 054047 050046 048046 055052 055053 054053 052052 046048 049048 053054 054047 050048 049049 047053 050049 055052 050049 048046 050051 055047 047049 054051 049049 054055 047050 053055 052050 048046 048047 050046 050050 052048 046046 049050 046048 054051 048053 054047 050049 054054 047051 051048 054055 053054 052052 054054 049046 049047 053053 055055 049049 051050 050050 053054 051055 054048 050051 053055 051050 048050 048049 046046 053052 048046 048046 054046 051049 050048 047051 047047 046052 051049 053046 046052 049053 055054 053054 049048 048048 054052 053053 048055 051046 048051 047048 053046 049048 050047 050046 049054 050047 055055 046053 046047 046048 053049 051052 049054 047053
i111, 055054 047053 047046 049052 055050 051051 051053 049053 046046 054053 050046 055055 049048 047050 051047 049050 052052 046050 052052 054047 055048 052046 054054 055054 046055 054053 051051 053051 048047 055047 053053 050053 055052 052052 048050 048055 051053 048052 054054 054049 053055 046049 051055 053046 047049 047054 055055 046050 046049 054049 055054 055047 051054 049051 049053 048054 048046 053050 055055 050051 054050 048051 049050 053049 048046 052050 055046 046046 051052 051047 053051 048048 051048 052048 054046 055046 050053 048053 050048 047047 052055 047050 046055 048049 051047 047047 051053 049049 046046 053047 055052 050052 047054 048054 050047 049048 049053 053054 055055 053055
i209, 054051 047050 050050 049054 051047 053049 055048 053050 048050 047053 052050 048048 048049 050046 052053 054050 055054 050051 054052 051049 054055 055049 053053 054052 051054 054055 048053 046054 046050 046053 049049 048049 047049 053050 055049 049048 052046 053053 055051 051049 051051 051055 051046 053047 052052 055047 054052 046047 051049 054053 055055 055051 054051 050050 049046 047047 050046 047050 052053 050050 052050 052048 050050 053049 047048 054049 047050 049052 053054 055047 049047 047048 055048 047046 046046 048049 051050 055055 048053 055048 047055 050047 047047 054054 047049 054054 046049 050048 050046 048048 054049 047047 054055 050053 054049 053050 050054 050052 054053 048054
i308, 054046 054047 051049 046047 048054 051053 053047 049054 054050 053053 049052 047049 046054 054046 051050 055053 053052 053046 051054 046054 046048 046055 048048 054054 055052 055054 053050 050052 047047 052053 053052 051048 052051 052046 049052 055054 052052 048049 049051 050054 054051 047052 047047 047055 049049 047050 046052 046050 050049 053054 054054 049049 048053 050046 053055 047047 049048 054050 050049 048050 047047 054048 048050 054046 052052 046054 054046 051052 053048 051055 055052 048046 050051 052053 053053 048054 050050 052051 047050 055049 047047 050050 047050 048046 051049 054054 051053 049046 054046 053051 049050 048051 055055 050051 049055 048050 054049 047053 055046 055050
i248, 049046 052053 049047 055046 047048 051053 048046 054047 054048 050050 047047 053049 049055 055052 052052 055048 046055 050047 049050 050046 048048 055050 055054 048046 046046 053046 053053 054055 053052 055055 053051 050053 048054 046046 049049 050050 046046 055048 049051 049049 046050 055055 047047 049055 049052 052052 054048 050050 050047 054046 054047 049055 047054 049050 053055 047046 050046 051051 053055 051053 054055 048048 048055 049048 051047 046048 052050 051052 053053 055047 047055 048046 055051 046046 046046 048048 053049 055051 048054 048055 055055 050053 055046 054046 049052 051048 051052 049051 046053 053047 053052 055055 054054 050048 047049 050049 046053 047053 047052 055055
i601, 054052 050047 050050 046047 046055 053051 046052 054053 051055 052050 050050 046050 050053 050055 046051 052055 052055 050052 050051 048054 055053 047047 054055 055053 055055 054055 053053 052050 047048 053047 052052 048047 051052 046052 049050 048052 052049 051051 055049 052052 055047 049055 052049 047052 052052 049047 048048 049052 046048 054047 052055 047047 048053 050050 054046 049047 052046 050047 054053 051054 054047 051046 048050 053054 050048 052052 050055 055052 055048 054047 052047 052051 050048 053049 050054 054048 053050 053054 050053 053046 055055 047053 051052 054049 047051 050049 046052 050050 054054 050053 049053 049055 048047 050050 050047 048051 052046 049051 047050 055048
i342, 049046 048054 046049 048047 051052 053048 049049 054049 054054 052050 052046 049050 052048 052055 048051 054054 055053 055051 046050 048048 052048 054050 054054 055048 051051 046054 053053 052052 047048 047047 053050 050048 048047 051051 049048 055047 052048 049048 049049 046047 050055 048047 047047 049049 052052 046049 048054 047054 054051 046046 049055 055049 054051 053050 053053 054053 046048 046048 055050 051050 047054 054049 046050 049053 050048 046050 055047 052055 048054 047048 055052 048048 048049 048055 046049 055054 050050 054055 050048 048048 055055 050050 055049 046054 049049 051055 053053 050049 046046 048047 048054 055051 054052 053053 047047 050053 053050 054053 049055 047049
i615, 052052 054051 046053 052053 052052 053051 053053 054055 046054 053053 052052 048049 046050 046049 047051 049055 052052 052055 055052 054048 052053 052049 054055 055049 054055 054046 050053 047046 047046 054055 049046 050048 051055 046051 055049 055055 046052 053046 053054 052047 053048 051055 047047 046046 051052 054047 054054 050049 047053 054046 055055 055055 051047 050051 052052 051051 052054 051052 047051 048053 052054 049051 046050 053053 048048 047054 051046 046049 053048 050051 052049 046051 048051 054052 048048 055048 053048 048051 046050 048054 054052 047049 049047 048046 052051 052054 054051 049049 046047 047047 054053 047050 054054 050050 052054 047053 050055 052053 054048 051055
i26, 052049 053047 053049 046049 055055 051053 053049 052048 048046 051049 050046 049047 049046 046046 048046 049049 053047 054050 052046 047051 055052 046046 055054 049049 055055 052053 053052 054046 053046 047055 053049 047053 047047 052051 049048 048055 048052 049046 054049 047054 055050 049046 051051 053049 046049 047046 052054 047047 054046 054054 055054 055046 047047 054050 053053 051052 048048 052046 055054 052050 054050 051049 048050 052050 048053 054054 048053 049055 053052 050055 053047 050048 048049 053053 054046 048049 055048 053048 046051 049047 052052 050047 054046 053047 052047 049047 052048 049049 046047 054050 053049 055047 055053 049050 050052 050050 053053 052052 048047 052054
i400, 052054 047048 046046 053051 055054 055055 053053 052052 054054 049049 047051 053049 049049 046055 047052 052049 055050 050055 054046 054051 054048 051047 051054 047046 046051 054054 052055 054052 052046 054047 049053 052050 051047 054052 049049 052050 046052 052048 047051 049050 055046 055046 047047 048049 052052 047052 048051 049048 049047 054054 055051 055049 051047 047053 053053 048054 050049 046047 055055 050050 050054 051053 046055 054047 055046 050048 046046 046051 046050 053051 052047 055051 049050 047053 049052 052054 055053 054055 048053 055048 047055 053053 046055 047048 049047 054054 053054 050047 054054 051051 053054 055055 054055 050048 055052 049049 053053 053049 052049 054055
i237, 050050 047047 051050 053046 047055 049054 048052 049049 052046 049051 047046 050049 049050 046049 051048 046051 053052 050047 052052 047048 054054 047052 055055 049055 055053 046052 053051 052054 048051 055053 049049 048048 052048 046054 049049 055055 046048 055051 048049 049054 055050 050055 051051 052055 053046 049046 051054 050046 050049 053053 049051 050051 054052 050050 054051 054051 048050 046047 052053 050053 049052 049050 050048 051049 048048 050050 050046 046055 054048 055055 051049 048052 051049 046055 051054 049051 050049 049055 050046 047048 048049 050055 046046 049046 051055 047050 051050 048050 046050 048051 052055 050055 054048 053053 048050 046047 053046 053053 050052 055055
i136, 050054 047055 053051 048046 047052 051051 049053 047052 048055 047052 046051 048049 054047 050054 051051 048055 052055 050054 051052 054047 048048 046050 054055 049055 055051 046055 053051 047054 048051 055053 054053 049047 049052 046046 055048 055055 052051 049049 053046 050046 046051 054055 047049 049049 049054 052046 052050 048048 052051 053053 054049 055049 055051 048053 053047 047052 046046 051050 055048 053051 047052 048052 055046 053053 048053 053046 053050 053053 053054 055051 049047 047046 051055 048046 048051 049047 053051 053054 052050 054047 048055 050050 055049 051049 049049 052047 048046 049047 046047 046048 047052 055049 054053 054046 049054 049050 054054 054051 054047 054055
i329, 054055 055048 050051 049050 050052 051053 046054 047049 054048 046049 046051 047049 048046 046049 051052 050049 047053 050047 051049 051048 054055 047047 053055 046046 051046 053047 048055 051055 048051 052055 054053 048046 054052 052054 049049 046055 052051 049051 046055 049052 054046 055055 051048 047053 049052 052052 051050 049046 054055 046054 054055 050049 055050 054047 053053 052047 054051 050047 055055 051048 053050 046048 048046 049049 046048 053054 047050 046049 052052 050049 055050 047048 055048 054046 046048 049051 053053 054054 048048 047049 055052 050052 047047 048049 052055 046054 051050 047047 048046 047047 053055 055055 048055 055049 051048 050049 054054 053051 055049 055050
i431, 050050 046055 050055 054048 052052 046053 052053 055055 053049 053049 047047 054047 050050 050046 055051 049053 052055 050050 054049 051048 051047 046046 053054 049049 050053 052053 053053 050050 048053 053052 053053 051050 051047 051049 048050 049054 052046 048046 053052 049054 054048 055047 051050 052049 049054 055053 048055 048050 048051 053049 054050 055049 048051 050049 049053 051049 052050 046046 047055 052048 052054 049050 050050 054049 048048 054046 050052 055047 046053 053047 052047 048048 055055 055048 053048 055055 055055 051051 050048 053050 049048 050053 047047 054054 050049 054051 051052 049047 054047 049053 049052 047055 053048 055051 050050 053053 053049 054047 050050 055047
i508, 052050 047047 053050 054053 047046 055054 052052 049047 049048 050053 046051 049049 053050 047050 052047 046049 055048 053048 048049 046048 047054 047050 053051 047046 055046 046054 053055 054054 048048 053053 053047 050047 049055 052046 055049 046048 052049 053053 050051 047054 050055 054055 051047 053053 049054 055050 048050 047048 051049 053050 054051 048051 048051 050050 054049 051052 050047 053052 052055 053051 050054 046048 048050 052049 048046 054048 054050 051047 053048 046051 047047 048048 046048 046055 050046 052055 050051 055046 053054 048049 055052 050047 052050 049047 051052 047047 052051 050052 046055 048051 049053 049055 053054 048053 048048 052048 052054 053055 046049 050050
i119, 055050 051054 046049 047047 047055 053051 048047 055049 048046 049049 046052 048049 051048 046046 052047 052049 053053 046047 054050 051046 054051 047047 052055 047046 055048 055055 050053 054052 046051 052046 053049 048048 047047 046046 052048 052049 046052 047051 047051 046052 051055 054052 048047 050053 052049 047050 048048 048052 051051 053046 049053 049055 047048 050051 054049 049051 050048 046051 053053 054047 054054 053048 050052 054052 055052 050048 047050 052052 053050 046049 047047 048046 048048 055052 053046 053051 055048 052055 049048 047048 048052 050053 055046 051049 048049 052047 052054 050049 054054 048050 051053 047047 055054 053051 049047 050052 050054 051052 050054 052054
i768, 052054 055050 050050 053055 055055 049051 048054 054053 053046 052049 046052 048048 050046 054055 051047 052049 053055 050052 052049 049051 046048 050047 054054 052049 051052 053046 053047 054047 050048 047053 049049 050046 051054 052051 050050 049055 052047 052054 049054 046054 053050 047047 048047 047048 047052 047055 052054 048047 046049 046055 051047 047049 049049 054051 054053 054051 054049 047047 055049 047054 050054 049046 050046 053053 051047 047050 046050 052046 054048 048047 055052 048046 051054 052052 046046 049054 050055 051048 053054 047054 052053 055053 047046 051054 054052 049047 051052 049049 046047 051051 052052 051047 055053 053053 049047 050054 054054 047054 048048 055053
i116, 053050 047048 050051 055047 052055 051055 046054 052049 048047 052052 047052 049048 054048 050047 055050 052055 048050 047053 049046 047048 054055 047047 053054 053047 048046 053052 053053 051051 051050 055054 046052 053054 047048 054050 047055 055048 047049 052051 050054 048047 054055 047046 048047 053052 052046 052052 050054 054048 049054 053046 051055 054055 048051 047050 054054 055051 050047 046047 050055 053047 054049 051053 050055 048054 052046 054047 048052 054046 050052 053054 055047 048050 048055 053047 047046 051049 053050 054051 048049 047048 052052 053053 047055 051054 049051 047051 053052 055049 050046 054053 051051 055049 051048 046053 054049 053055 050054 053047 048049 055050
i645, 054051 047047 053050 054047 055054 051053 053050 055052 047051 053054 052052 049055 049050 046048 051046 050049 055053 052047 051052 051048 048055 046050 054054 054054 046054 052046 053050 052052 046048 052053 055053 048050 049055 052052 048050 048049 048048 048051 049053 051050 055050 047052 048051 055055 046052 046047 048052 050046 051051 053054 055054 049053 047054 050046 054054 047047 049049 052051 053050 050050 054049 048048 050046 051054 049046 053053 046046 046049 052049 053053 046051 048047 049051 047055 054046 054052 053050 048055 048051 047054 049055 053049 048049 051054 049049 048047 046046 053047 046054 051053 049053 055055 051053 053054 048048 055053 046050 054052 048050 049053
i144, 049046 055047 051053 048049 046047 051051 048046 050055 046046 048052 051046 049054 055054 047052 053053 046046 055055 050048 046049 054047 055054 047047 046055 049047 051048 052052 053052 054052 048048 047055 052046 048050 047052 054053 047050 048050 046052 053052 054049 049050 047049 047055 047051 053047 046049 052046 048051 054050 048051 049054 050050 055051 049053 047050 054054 047047 046054 052054 055052 051048 054054 048051 052046 052053 048048 052054 050046 046046 053049 047055 053051 048048 051051 047052 046054 052048 054053 052048 050048 048048 050055 051049 047046 051055 052048 047050 052053 046049 050046 051047 052048 050051 055053 048053 054049 051050 049053 052053 049049 052054
i241, 054051 055048 053053 046046 046055 053049 050053 052052 048050 049047 052050 047049 047049 048049 051048 051054 052048 054050 049046 051047 048054 047052 055054 053049 053055 054053 052051 048055 052046 046055 049055 050048 055052 052054 052048 055050 052048 051048 054053 050050 046047 052055 049052 049049 047046 047050 048052 050051 050050 046054 055055 052049 052053 055050 049048 049047 048046 053052 052053 052052 050054 049048 048046 049052 049048 047047 051050 046052 053055 052055 055052 046051 051053 050047 051051 049046 050053 054053 053054 049048 055055 047053 055047 051049 052048 047047 046054 055051 046046 050055 049049 048055 049054 053048 055054 048054 053046 053047 054055 054055
i498, 050053 048047 049050 046049 054046 051051 055050 052049 054048 050054 047046 046047 049048 046049 047052 055055 052053 050052 055052 051051 054055 052047 054054 048055 048046 054054 051053 052051 050047 055053 049049 052047 051051 052049 049055 048050 051050 046049 051047 047052 050049 048055 051051 052049 049049 047052 052052 046049 046053 054053 054054 046049 049053 050054 047053 051052 048046 050050 055049 047048 048047 051049 050048 054054 054055 054052 053053 046048 052053 053055 047047 054047 049050 054054 047053 048048 054051 051055 048054 048047 055053 047053 055055 046054 051048 049055 047052 054049 054046 051047 052051 051047 048048 050050 048049 050049 054050 050050 052048 051055
i224, 050053 047048 046046 049054 046054 055052 046053 052055 055047 049047 052046 048048 055050 046046 053051 049049 052052 049050 052049 051047 046048 046047 054053 049053 046051 052055 053046 050055 051047 053053 053053 050047 048048 049052 051048 048055 046052 051054 047054 047048 046047 048053 051051 049049 049052 054050 052048 050047 051051 054054 055055 055049 047051 047050 054053 049047 048050 048052 055055 050047 050049 047049 050048 053054 048053 054048 050054 053047 054054 051046 048048 052052 048047 048055 054048 049054 053050 053048 050051 047048 055047 047053 047055 049049 047049 051050 051052 052049 054046 050050 051053 048049 055048 051050 049050 048047 050053 053055 055048 054052
i475, 050052 050047 046051 049054 053054 051050 050046 052052 053055 050051 054053 049050 053046 048048 051052 046052 047053 047054 052046 052048 055054 047050 054048 049047 046055 046046 055051 052048 047048 053054 052049 048046 047051 052055 049048 046055 052052 055055 053051 047049 046054 055055 051051 050049 052050 047047 052048 054050 050049 049054 054055 052049 054046 050050 053053 054050 050046 046052 055047 048051 054050 047051 055050 053053 048046 050047 046052 047053 053052 047052 046053 048051 048051 052051 049049 054054 053051 047046 050051 047048 048052 049053 052055 053054 054047 054054 051053 049055 046047 051050 050054 047055 054053 054050 047052 051049 046049 050047 049050 050052
i437, 054046 048050 051053 054046 046052 049048 046053 054052 046048 052050 046049 050048 046051 055054 052051 055046 054052 051047 055052 051051 047055 047047 054054 054055 054048 053053 051051 052052 047051 046053 049049 048046 051047 051051 049048 049048 052048 049053 046046 050050 051050 054049 048049 046052 053049 050052 055048 049050 050049 053053 049055 055054 049048 054054 049053 047049 050050 052054 053046 047050 050054 049048 055050 049052 048046 054054 050052 048046 054055 049055 049052 051048 051049 052052 048046 049048 051055 053055 050054 048046 047054 050050 047051 049047 046049 047047 051050 050054 055046 047050 055055 055047 051054 046054 047049 049051 054053 047054 052052 053047
i533, 049046 050047 046051 048048 050047 055054 047055 049055 051054 047050 050052 049050 046050 047047 046055 049048 054055 055050 049052 051047 052048 048050 055055 049055 046046 054055 051054 048051 053048 052053 053053 052050 055048 051054 050049 048048 047050 052055 050054 054048 046054 050051 051047 049055 049052 053048 052055 051049 048049 053053 054049 051049 046051 050046 054054 054047 051050 050046 053051 047053 054054 051051 051050 049053 047053 054048 050050 049046 054054 052051 049055 048048 051051 052047 049053 049051 055053 051052 050048 047054 047055 053055 049046 055055 047049 048047 054051 049050 050046 046051 052054 047055 055053 050054 052049 050051 047053 053047 052048 049054
i212, 054046 048047 050046 049046 052051 053051 052046 053055 054048 052047 046049 049050 046048 046046 050053 052050 047055 050047 049051 048051 055055 047047 054055 047053 053046 053055 051048 052054 053047 055053 049050 050046 051052 046049 055049 049049 047050 053046 051051 046048 050050 047047 051047 055055 046052 055052 048050 052049 049050 054053 055051 049049 047055 049046 055052 051047 048048 051046 051051 051052 053052 048049 050046 054053 047052 054054 054054 046046 048048 047047 047055 051048 051048 049046 051054 054048 053055 051053 048050 047048 055055 053055 047049 055047 050050 047047 046051 049050 046046 049054 049049 055052 054054 051053 047050 048049 053049 055053 054048 055052
i493, 054051 047048 055049 054049 052046 052055 052046 052049 048046 050050 046052 047048 053054 055046 050047 050050 053052 050049 052052 047052 054052 047047 053054 055055 046050 052053 046047 049052 048048 053055 050049 050050 048052 051046 055049 048048 052050 055046 049049 054054 052053 055049 047048 049055 049049 052052 048048 053055 049051 049054 050050 055048 047055 047050 054049 047052 049049 046050 051053 050048 054054 051047 052048 053054 046049 048054 052047 052047 053050 053047 047047 051046 051055 053048 053048 048049 050051 051054 052048 047047 053050 055047 049047 054054 048047 047050 054052 048049 054047 046053 055055 049055 053054 053054 048050 053055 049053 047053 053053 053046
i330, 046050 047048 050049 055052 055052 055053 053053 049052 046048 050046 054051 053050 049050 053050 053053 049052 054050 047055 052052 051051 048047 046047 055048 046047 055050 054046 053052 048052 051047 053055 053052 046051 047047 052051 052052 048049 048048 052047 049053 053050 047047 055055 047051 053052 046049 047055 054053 051050 055046 050054 047055 055047 054047 050049 049054 052052 050051 049046 055055 051049 054048 048048 050052 053049 055048 054048 054046 055046 053048 048053 047047 048052 055051 052052 046051 055049 051051 052054 054050 049048 053053 050049 052055 048049 050052 054047 048052 047046 055050 047054 053052 049046 049054 050055 049054 046049 053049 047050 048053 051053
i385, 046054 049047 046047 054052 046047 051055 053053 049049 046055 050052 047050 049050 047049 049050 052050 050049 052047 050050 049051 051051 055051 052046 054055 055055 046046 054054 053051 052048 051048 047054 053051 046046 048051 046047 051049 046048 052052 051051 054050 047052 055050 052055 051051 055055 053049 046054 050054 046047 051050 055053 051049 055051 048054 050047 049053 049051 048051 050052 049051 052048 054048 047048 050050 049047 055048 050053 046055 052046 055054 053051 052052 048050 050051 052054 048046 046051 054050 051055 048048 047048 055052 052051 055052 054048 055051 048052 054047 049048 050046 052049 053049 047051 053053 051053 049049 054050 046054 047053 055048 047052
i380, 053046 055053 049053 048053 055052 053051 049053 047048 048048 050048 050052 049053 049049 048050 050047 054050 052052 049049 054052 046051 055055 047049 054054 047054 046046 052053 050055 053051 048047 053053 053049 054048 052050 049051 052049 048046 046046 047052 047054 048047 050055 047047 047051 046049 046049 047047 048055 053054 049051 054047 047055 049049 047046 046050 054054 046051 048049 048052 053049 053048 052054 051048 055054 053049 048052 048054 054046 052054 053052 051055 055052 051051 050050 055046 051048 049046 055050 048055 048048 046049 046055 053049 055052 047054 048047 047050 052053 049049 048050 047047 050055 047055 053053 048048 050048 048046 053054 053053 055049 050055
i579, 054052 047049 053049 054046 055052 052052 052054 049052 051055 046049 046050 049050 048048 052050 047051 052049 052055 055050 052052 046052 048052 046047 053054 055055 046055 052054 053051 054054 047048 053047 053049 050048 048047 050052 051051 049048 048046 052049 051051 052051 055055 054051 051051 048049 052053 046052 052054 053054 051054 055054 049049 046046 049048 050051 047054 051049 051048 046055 049055 052050 054054 047051 048046 053054 054047 048054 050052 051046 050053 046046 047048 048055 051048 047047 048048 055048 050053 049055 048050 048049 053052 053053 052050 054054 047048 050048 053051 049046 046046 048054 049049 055047 051054 050046 055054 050054 050054 052053 049048 049052
i90, 054054 047055 050046 046052 055055 055051 048052 052050 052053 049052 049050 048048 046055 048050 050046 052055 052053 047048 048054 051053 048055 047048 051055 054047 053051 052054 051051 046054 046050 053046 055050 051050 051047 051052 047053 048052 046051 049051 050049 046052 049048 054047 048052 055054 053049 047049 048054 052046 053049 046046 055055 049055 051051 050054 052053 051054 046048 055050 053046 052054 054054 051049 050048 052049 048053 046050 054048 046052 053052 051046 055052 047055 049048 048047 054055 048055 053055 055048 048048 050047 047052 053054 047053 054046 050049 053048 048052 049049 054046 050047 053047 055055 055054 055051 054049 054051 053050 052053 054048 048052
i617, 050054 047055 049051 048046 051055 055055 052047 052047 054048 047049 052051 053047 050049 046053 047047 055053 048052 050050 046048 054050 047055 047054 053050 054046 048046 050055 053051 049051 048048 047053 050053 046050 051047 049052 052049 048049 047049 047052 053050 049047 049048 046055 051050 050049 052052 047046 051051 052048 049051 053054 055052 047049 051055 050054 053053 047054 050050 054046 055055 050051 047050 054046 050046 054053 049048 054046 050046 052046 054053 051051 049051 046048 049050 053047 051046 054052 050055 051055 048048 048047 052053 050050 046048 051046 051048 050054 051051 049052 051047 051050 050053 055055 053050 053055 050054 049049 053049 047052 052052 050050
i404, 050053 048049 052051 054046 047046 052051 052053 053052 049048 046050 047046 050050 049054 051054 051052 052049 053050 054050 049046 051051 048054 047047 054055 054047 046055 054046 053052 047050 052052 053055 047051 046049 051048 046051 050049 049048 054046 046051 046054 051054 055051 052055 051054 055055 052053 054047 050055 047053 055051 046049 051047 049055 051048 054050 053053 049049 053052 046051 053055 050050 049049 049049 054046 054049 046048 050050 054046 054046 052054 055055 049051 048048 048050 046046 049046 050046 055055 050048 048050 046048 054054 055053 055047 055049 049047 052051 046051 052047 046046 050048 054053 051053 055055 053051 050054 046051 048046 053052 055050 049047
i27, 053054 047048 046047 049048 050047 052051 048052 052047 050054 046050 050054 049049 048047 050046 053047 055049 053050 052047 048049 051051 055048 046049 053053 055049 051050 055055 053047 052050 048048 053053 053055 050051 051049 046054 048052 055050 048051 049049 050046 052049 046055 046049 051047 047052 049052 055052 052048 051050 055049 049046 055050 048049 046054 050050 053053 055049 051047 047047 049054 047046 048054 054052 054055 054053 046048 046048 051053 053046 046053 054055 047049 055048 051051 047053 054048 054052 053050 051052 048050 048048 055050 050050 047047 049054 049051 051050 054053 053047 046050 054054 052055 055055 054051 049053 046048 050048 050046 053053 054052 047049
i256, 051049 055048 049050 052046 051050 054053 055053 052055 048048 051050 054050 047049 050054 046050 052052 052050 055052 052050 052052 051051 051048 047047 055054 047047 055046 047046 051053 055048 048048 055053 053055 054046 049051 052049 052049 048055 046051 048047 046049 051054 051047 046046 051051 046052 046049 046052 051048 047049 051054 054053 054052 055049 054052 051050 054053 047052 046052 046052 052049 050052 049055 048049 046054 053049 046048 053050 054048 046054 052047 047055 048052 047053 050051 054052 051046 048046 053055 055051 050048 050048 055055 046053 052050 047046 047054 054047 052053 050049 050046 051050 050052 055055 051051 052055 054049 047050 049049 050054 049054 055052
i337, 046050 049047 053051 047055 048055 052051 047055 047050 048048 047046 047052 050048 049048 055049 051050 051054 053055 047055 052049 047052 054055 046055 055054 049046 055052 055055 053048 054054 047051 053046 053052 050052 049051 046054 050049 047055 048051 053048 047050 049046 054047 051055 047051 052054 049054 047047 054055 049048 049051 054054 052055 051055 051051 050050 053054 049049 046050 051050 055055 054052 047051 051051 046052 050054 049051 047046 050050 055049 053053 052047 049051 046051 055049 055055 051048 051049 053055 051055 050048 052047 055050 049053 046050 051050 050047 052048 051046 055049 054052 055047 049054 047055 053053 053055 049054 053050 053053 051051 055049 049046
i245, 049055 047055 047046 050053 055055 051051 053052 050052 053048 052047 047054 050048 053050 047055 050050 052049 053052 050050 051052 051050 046048 047046 051054 052048 055046 055051 047052 054055 048052 053053 053053 053049 048051 054052 052049 048055 049054 053046 047049 051054 046054 048046 048051 055046 050047 046054 048048 050051 051051 053054 050049 046049 051047 050050 049049 051047 051049 051054 053050 051047 047054 051049 046055 053053 054049 052052 050047 055055 049052 046053 053047 051048 055049 055047 047049 048054 051055 054054 050048 053049 049050 050050 050054 049055 049054 054048 051051 052052 054054 051053 053050 051047 051055 053046 054050 047055 048050 053053 049055 054055
i127, 052050 047049 050049 048049 052048 050053 054053 050055 055048 046052 052054 048048 051053 050047 052052 053053 053052 046050 049050 055048 052055 050047 048053 047047 055046 054046 053055 054054 047051 049053 055049 048046 048051 051049 048049 055052 046052 052053 050051 050050 053055 046054 047051 049049 049049 049053 055052 052048 047051 054053 051050 046049 049049 054051 047053 052051 048049 054054 055052 047050 054047 051054 055050 054049 048049 046048 052052 046052 047054 047046 047055 048048 051051 055053 054049 049051 050050 046053 050050 047048 048053 049050 047054 049048 050048 052053 052053 049052 054046 051055 049053 047047 050051 051048 047049 052048 053050 052051 054052 054054
i583, 051051 047055 046051 048046 049053 054050 053052 055052 054054 050053 047047 049048 049050 049046 054053 049055 055053 050054 052051 051051 054048 047047 054055 049054 055046 049054 053050 046046 051046 055053 049052 050053 050048 047051 052049 055049 046052 049051 046049 050048 048047 051047 047052 049047 047046 047047 055055 051046 049048 054054 055052 047055 049050 050050 047052 051049 048051 055054 053052 050050 053052 054052 048048 055053 049048 047050 050046 055055 052050 051055 052049 047048 051051 055052 047054 049051 051050 047055 050053 052047 048052 053053 049055 048051 049049 047054 053053 049054 046047 050050 050048 055052 054055 051046 047054 051049 049046 053053 049049 053055
i326, 050054 051050 055049 046046 048046 049055 052047 054049 055050 053052 047054 050048 048055 047050 051055 049049 055047 047055 048050 046053 054052 052046 054054 054053 046046 048052 053050 054054 052048 055046 053049 048046 054054 055051 050047 049046 052046 051051 050052 049054 051050 050055 051052 047052 049052 046054 052054 048052 049055 046054 052055 049049 051050 050050 053053 051047 047048 046054 053053 047052 052054 047046 050050 052049 046048 050050 046048 055046 053052 055050 047047 050048 055051 053055 054046 051054 055051 053046 047053 048054 052051 049047 049049 053055 048054 053050 052051 047046 046050 050046 049052 055047 054051 053049 047050 054048 053054 053052 055055 047053
i438, 054054 053055 053051 052046 055046 051051 047053 049055 046047 049052 050052 050050 050050 047055 047053 049055 052047 054055 055052 054046 052053 052046 054054 047049 046046 054052 049053 050051 051046 053053 051049 050048 047048 052052 052048 055055 048046 055051 049051 054055 055050 046050 051054 049047 053052 050047 052052 049052 051049 053046 049055 049047 054051 046050 054049 054049 050054 055054 050055 050052 054047 054048 048050 053049 048053 047052 050054 052046 046050 047046 049048 051046 055049 052046 051046 054052 053051 055047 048050 047050 052055 052050 047055 054054 049050 048051 050052 048049 046046 053047 050052 055051 054053 051053 054054 049053 048047 053051 049055 055055
i773, 052052 048047 046051 055052 055046 051051 053052 052047 050046 049052 049052 047050 046051 049050 052052 050049 052048 050047 052051 054054 052050 049052 053053 049054 050053 046054 050051 054054 051048 053050 053053 048050 047049 052054 050049 049049 046046 054049 051053 050049 049047 050053 052047 053050 049054 047050 048052 047046 051048 046054 052051 047055 048049 050050 053050 051051 048051 052054 055055 050051 054047 048047 050050 052054 048048 053050 054052 049052 054055 055055 049047 047048 055050 055051 050055 052048 050050 053055 048052 048047 047046 052047 049049 051048 048050 047054 052051 047046 046054 054051 049049 055046 050054 053053 047049 050050 052055 052047 048052 047055
i163, 055054 046047 046051 054050 055052 051053 052050 050052 048046 049047 052050 048048 053055 049050 051051 049050 050053 053050 052051 054052 052048 046047 049055 053046 052046 046054 051048 054052 047052 052052 053049 049052 053051 046054 049050 048055 052046 049048 046048 052047 046048 047047 049051 049054 053052 050052 048051 051049 054051 052053 050054 051051 048049 050047 048054 047047 052053 047047 055049 051046 054054 048048 052050 053049 048048 050054 046052 055046 054050 055051 047047 048051 050051 053046 051055 049048 049053 054054 046048 048048 047052 049053 050050 050054 049052 054048 054046 049048 050047 051047 050049 047046 055053 051049 050049 046050 054046 052051 050055 048055
i357, 050054 047050 050053 048046 053046 051053 053053 054048 051054 046050 047047 055048 050050 053049 052053 055050 047052 052047 052051 047051 053052 052049 055055 046054 052051 046046 053055 049055 048046 053054 049052 050050 049049 052046 049049 052052 051052 051053 050049 051046 046055 055047 054054 049055 046054 047046 054052 055054 051046 055053 055055 049046 047054 050050 053049 052051 048051 051052 049055 052047 049047 051046 048053 049047 048046 050046 047046 052054 055053 047047 049055 046048 049049 046049 048049 047051 050050 055054 048046 051048 046052 049053 046052 048047 048049 049054 050047 049048 047046 054052 049053 049051 050048 050051 054046 050049 048046 052053 049055 055049
i155, 054050 055047 049046 048047 050047 049053 048048 053049 055054 046048 052046 055053 046050 050050 051052 050052 052053 055052 051046 050054 055048 047054 054053 054047 055051 052055 051053 046055 047046 055053 053053 046053 049051 052048 049047 048055 046052 052051 053054 050049 046050 046055 046051 053052 049052 053052 048050 048054 046051 054055 054054 052049 051046 052051 049054 051051 051052 047054 049055 054050 054052 052048 055048 047053 051046 050048 047052 053052 054046 051053 046054 051048 055048 049046 053050 055046 055053 051051 048050 048054 050047 053055 055049 049054 048049 047054 052051 047046 046046 051053 049055 047049 048049 053051 050047 050053 048049 049053 048055 049054
i789, 054055 051048 046050 048054 052054 051051 048053 049049 054054 052049 049054 054055 055047 048052 047051 046049 053052 050052 049052 052047 050055 046047 051052 047054 046055 055053 053053 052047 048047 053049 052049 050051 048049 052046 048049 055052 052052 050046 054046 052052 055051 047048 051049 047047 052047 046052 055048 048050 049048 054053 054054 050052 051048 050051 046053 046052 050049 046050 050047 048053 054054 048048 050046 051053 052047 053054 054050 052052 055054 048046 047049 048050 049055 055055 051049 054049 050050 055055 048048 048048 052052 051055 046049 055048 049047 049054 046046 048050 047046 053054 047049 049047 051054 050048 050047 051048 050048 053053 054054 055054
i412, 054050 049051 053052 055047 055047 051051 054050 053055 046048 049047 047054 049049 051050 048046 046055 055052 052047 051052 050052 051051 048054 050047 054055 046052 046054 053051 052052 050052 053048 053051 053053 050051 048047 052055 049052 055048 054046 052055 054050 046050 053052 050050 051047 049049 054046 046046 055051 046054 051050 046053 049054 048055 049053 050049 054053 047047 050052 047046 055049 047047 049050 049048 048046 049054 046055 050046 050053 052046 048046 051053 051052 046051 050055 055054 054047 054052 050055 050051 053050 048054 055051 047050 052047 054053 048047 052047 047050 047049 050054 054046 053049 050052 055054 054048 048050 048053 053049 053053 052048 054046
i702, 051054 048054 046053 052046 047050 055053 053053 052049 047046 054049 052047 049049 046054 047054 046055 052050 053047 050047 052050 047046 054054 047047 051046 046047 051048 053053 048053 052052 050050 046055 047053 051053 052048 049046 048050 055055 052054 053049 051054 049054 046055 051055 047054 047046 054055 048046 051048 048050 049051 054049 054052 055051 048053 050054 054053 051049 050051 055054 049055 050048 054054 048049 048048 049053 046055 054050 046050 053046 054052 050047 047053 048051 051050 048047 048054 046049 054050 046053 050050 048054 054055 053051 047055 049054 049047 054053 047049 046047 046047 047051 053049 049055 054048 053053 048049 050050 054048 054053 050054 054055
i10, 053052 047047 053051 054052 046047 051054 050048 051052 054046 049049 053050 049049 050048 047048 052051 050049 052052 054050 052050 048048 055052 047052 053051 053055 046050 054052 051052 052051 048047 047047 049054 050050 047051 053054 049053 048053 050046 050052 054051 047046 054053 048052 047051 049049 052052 047047 049050 048049 046047 053054 050051 051046 053051 050050 049053 049047 052046 048052 055051 048046 054055 046054 049050 048049 048054 046054 048046 055055 054053 051050 047051 055054 051055 048055 053046 048049 048050 046054 053048 048046 048055 051048 049047 054051 049050 047047 048046 047049 046047 047052 050052 049055 055053 049048 047049 054046 046054 050047 054049 051055
i751, 050051 048047 051049 052054 047047 051051 053052 052052 049054 049054 050054 050049 051050 054052 052047 054055 053052 055050 055048 051048 054052 047047 053055 053049 055046 046046 050051 054051 046048 047053 049053 046054 052054 046046 050049 048053 052047 051053 054046 049048 055055 049051 048047 047049 050047 052053 055055 051049 048053 046046 055055 047046 051049 047050 047053 049048 050048 046047 053047 051051 054049 053049 046048 049049 053048 046054 048050 053053 048054 051047 055053 048048 055055 053055 046049 052054 053055 055048 050048 048047 052053 050050 055049 054054 054046 047047 052052 047049 047046 053053 053053 047048 053055 048049 049054 050048 053046 051053 052050 054047
i642, 052054 051047 051052 049055 050046 051055 048053 055052 053055 052053 052050 053049 053048 048047 051047 049055 052052 050055 049048 048047 048048 052046 055051 053046 046046 054052 049050 052048 050048 055051 049053 049049 047048 049052 050050 048046 048046 055048 049049 046046 046047 047051 051055 052049 049049 055052 052050 051055 047052 046053 055054 055052 048046 050050 053047 047055 048046 047051 052055 047052 051047 054049 048048 053054 049048 046046 046054 049046 055054 055051 047049 051048 053055 048055 053051 048055 050050 055048 046048 051048 049048 049050 055049 047050 048048 049047 052051 049046 053054 052046 047053 047050 055053 055051 047047 046053 049046 055053 049048 055054
i222, 052053 051049 049049 054047 046047 053051 050046 052047 048048 047054 047052 049052 048050 049048 053054 050055 052046 052051 051052 053048 053047 049046 055055 047055 055055 047052 051051 050050 050048 046053 049049 051046 051051 054051 050052 052048 052053 046046 050049 052054 054048 049047 054047 055055 047049 047052 048054 046052 047046 054054 055055 051046 054053 050050 049054 047051 052048 050051 055053 051050 048048 050047 052048 051046 049048 053050 047046 046046 050054 052046 049049 048052 049051 053055 054048 055046 053050 055055 048049 049047 055047 053055 050047 048051 052048 052054 051053 046050 054055 046047 055052 050047 055054 054053 050053 053050 047054 053050 048048 052050
i387, 052046 049053 051051 052050 052055 050055 046047 055047 049048 052053 046052 048054 050047 055049 052051 046050 052055 050047 052052 051047 054048 047047 055054 055047 048046 046053 047053 051052 048048 055047 049052 050051 052048 052054 049048 055048 052049 046053 047048 054051 050050 046049 051054 053049 052053 050046 050054 049055 049048 052054 049046 052055 052051 054050 049053 055047 050052 054054 052047 054046 049050 047051 048050 048049 049048 048048 052047 055049 055053 047051 047055 054048 055048 055046 046051 049055 050051 054055 048048 048047 055053 053050 055047 047053 049047 052047 052051 047049 046050 052050 053050 047050 053049 049054 054047 048054 053047 050050 055048 053055
i113, 050053 047049 049049 046052 051055 051051 052050 046049 048048 050052 046046 049050 048050 047049 050052 050049 052046 050050 052046 051051 054051 052055 055053 049046 046046 046055 051055 054055 052051 052053 049055 050049 048054 052054 049048 047048 048052 051049 046046 050054 048055 049055 051048 053049 049052 046050 052050 050046 051048 054053 050055 054049 047049 050055 054047 052053 054047 052052 053052 053048 054052 051051 052050 050053 048048 052046 052054 049046 054055 053047 052047 055051 051055 052052 049046 046046 053053 051051 048046 048048 053048 050055 052055 054050 051046 049048 051049 046049 046046 053050 050051 050055 055053 053051 048049 053046 048047 053054 050055 047054
i384, 054054 049054 053046 050046 055055 055053 052052 049054 048054 050050 046052 051049 051046 046050 053052 052052 047055 050050 055048 053048 054052 046052 046054 047054 055046 052047 053048 054052 046050 046053 049052 048052 052052 051046 049048 055049 049046 050051 051050 049049 050046 047047 048054 046047 052049 054046 048048 046055 050050 046054 055049 049054 051047 047050 053055 049051 049047 054052 054054 050046 047055 049048 050050 047048 055048 047053 048046 046052 054048 051051 055049 048048 051055 053048 049053 052046 054050 046055 054050 048054 055049 049049 046055 049048 049048 048050 049051 046047 047054 054048 050049 047052 055055 048049 048049 050046 050054 050053 052054 055055
i184, 054052 048054 050051 048053 055047 055055 053047 052055 046048 047050 052047 048048 048055 047055 047046 055052 052050 055050 052051 052051 052055 047046 055048 055052 055046 054054 051055 054048 048051 055052 053053 049050 055051 054049 051052 048048 046049 052055 046051 046047 048050 047051 047051 049049 049054 046052 052055 047051 054051 054054 050055 055051 049048 050049 054053 048047 052048 052052 055049 048050 050050 049054 050052 049048 052052 048052 051052 046046 053053 055047 049055 048050 051048 055052 053051 046049 055055 053046 053050 047047 052048 050049 049055 051047 047052 054050 052051 051047 046050 055050 053051 055055 053054 053049 046048 051050 049053 052053 050055 055047
i515, 054049 051047 050051 055055 046055 051051 048053 055050 049049 053046 051050 051050 050047 046048 047052 050050 055055 049048 052052 048051 054052 047052 053054 049046 053053 054052 052048 054054 048047 055053 049049 050051 052051 046046 047048 055046 049051 051055 051049 049055 048054 048046 051051 055046 052049 055047 051048 054049 049049 046046 055051 051054 048049 053049 049055 049052 052055 048055 053055 047050 054054 049048 050048 054047 048050 046054 046047 055052 055054 051051 051047 047046 051055 046054 049054 046053 053054 050055 048048 048054 055052 054050 049046 053048 048051 046054 053048 052049 050054 049047 053048 055055 048055 053053 050050 053048 054049 049053 048055 055047
i623, 052054 047051 046050 048053 055047 055049 046046 048049 046054 052051 052046 049050 048055 049046 052052 054055 052050 050053 049051 051049 047054 049046 055055 046055 048050 055053 050052 050055 047048 053049 053050 046048 052052 046055 052048 048049 046046 048051 055049 049054 055046 051047 047051 046050 046050 047052 048052 046050 049048 054046 049054 055054 047052 046047 049053 049052 046050 054052 052047 047048 054047 054053 048055 054053 053048 046046 047047 052052 053053 052047 049048 048046 051055 048053 046054 048054 054053 046055 050048 048048 050055 047047 049046 051047 051048 047054 053054 052049 048047 046051 049049 050052 053053 046053 047047 051050 046049 053053 050053 055054
i478, 050049 054050 046052 046046 046052 053051 046054 049052 050055 050049 047054 048049 049050 053050 050046 049055 050053 052050 049046 051046 047048 047046 051047 049049 052054 055053 053053 052052 046048 055047 052049 051046 047048 055051 055052 048055 052049 055053 051055 050052 046050 055047 049051 048049 046052 050051 055054 046050 049051 046055 048052 054051 051053 050050 049053 054047 051051 046051 054050 047053 054047 047049 055046 049049 049048 048054 050050 053052 054054 051051 053055 048051 050055 055054 054049 055054 050055 054048 048048 048047 055055 052049 047052 051049 047050 047054 051051 049050 047046 054051 055054 055047 048050 053053 048054 050049 050054 052051 054049 049054
i529, 053049 049053 049050 047055 048055 053053 052051 050053 055046 046050 050052 049049 048054 047051 052052 054049 047055 050050 051048 048051 052054 049052 054051 053055 046051 053054 051051 052052 052048 048046 053054 046050 047055 051052 050049 048052 046049 055046 052054 049049 048055 049048 052052 053049 051048 047050 048055 049049 050049 047049 051054 051049 055052 046050 049049 051050 050048 046050 055047 051051 054054 047049 050054 049049 048051 052054 050046 052046 053046 053055 054048 048047 055055 047052 054055 055048 055051 053051 051050 048052 053051 053050 049047 054054 050053 048047 050055 051049 054046 048047 051050 050047 055055 053049 050052 050053 048053 053052 048054 050051
i602, 049054 049049 055050 048050 055046 049051 053047 053047 048054 052052 052047 053050 047048 046047 047054 055049 052052 055047 052050 046053 050048 046049 053051 053052 050051 052055 053053 052052 046050 053053 049053 050046 051048 054054 049048 055048 047046 046046 053051 049052 050055 051054 052051 049047 049049 046051 055048 050046 049051 054047 051053 049051 047049 053050 049049 047054 050048 050054 053050 052048 048054 048049 048048 053053 051047 054050 048050 055046 054049 051051 052054 051048 051051 053046 054049 053048 051051 051054 047048 047048 055048 047055 047047 054049 053054 050047 050052 053049 046054 053047 049052 051055 048055 048050 049049 051054 052054 049053 052055 050052
i334, 053050 051055 046049 054046 047053 055054 053052 054055 046051 052052 052046 051048 050048 047055 052055 046049 047055 050055 051052 051047 054048 047047 053054 047046 046050 053054 051053 052050 047047 055053 054049 050051 051047 054046 048046 050055 050046 049048 046047 050047 055048 048052 047051 049049 049049 046052 048054 054049 051050 046046 054051 055054 051049 050049 049049 051048 050054 050050 055055 047051 049054 050051 048052 054054 048047 050046 050046 055053 054054 055055 055053 051048 055055 052054 048048 050051 055055 053055 053051 048048 055047 053047 048055 049049 053051 047047 046053 053054 048046 054046 049047 049047 054054 048053 048047 049050 049054 053047 049052 055048
i287, 051050 047050 047046 054055 055055 049049 046052 055049 055054 050050 047049 047050 046051 046046 047047 050049 055053 050053 049052 049051 055048 046046 053053 047052 046054 046054 050053 046052 048048 047053 049047 050050 047049 046046 049048 053048 048047 054053 046053 054054 048051 055047 048051 049049 052049 046050 048054 055050 046050 050053 054047 055046 047054 046049 053049 048051 048051 051047 050053 050054 053047 048051 050048 053053 048048 050054 046051 052055 054048 052051 048048 048046 048055 055055 046046 048051 053050 055051 048050 048047 053052 050049 049055 054047 051052 050047 052052 051049 055046 054051 053050 046055 050055 055049 046048 049049 054050 053053 053049 055049
i185, 054053 051047 051046 047054 051054 046049 053052 050050 054055 052052 050054 047048 054052 053053 051051 052055 052055 052051 049052 048050 048054 049049 054055 049049 052051 053049 053053 052054 050053 053048 049053 046048 051052 052052 049051 046049 046048 051051 053049 046054 047055 046050 051055 055055 047047 049047 052054 049051 051051 046052 047054 048049 049050 050054 054053 052054 048048 048046 055049 047050 053048 047046 046048 051054 048048 048054 047052 052049 054054 048055 049055 048051 048048 052048 054051 054048 055053 048046 048048 048053 055055 053048 055055 049054 052051 048052 048050 050053 046055 053052 051049 055047 055054 046053 047049 049052 050054 051051 052050 055055
i609, 054051 055049 049046 046046 055047 049051 052050 054055 048050 049052 046052 050049 048048 046046 046053 050050 053055 050052 054049 047053 054051 049046 051053 047047 051046 052053 052051 051054 052046 052053 049049 048050 048047 046052 055048 048052 049050 052051 055054 052048 055055 049052 048051 052049 049053 046046 050054 050046 051046 054054 055054 048049 048049 047050 053053 052047 050046 050046 052055 047048 054047 051049 046048 053054 055048 049046 054050 054053 052054 051051 048052 052051 051051 048054 047046 049051 051055 046046 051048 055053 047054 050047 049047 051054 050049 047054 046052 048049 046046 054053 055049 055055 054054 055050 047047 052046 050050 052051 048055 052047
i406, 050052 047047 053049 054049 046051 053051 055051 050053 048048 049053 051052 049053 048049 046055 052046 055050 055052 052054 049051 052053 053052 047047 054054 049055 055055 055053 055053 052055 048051 049055 055050 050053 053051 052052 049050 048048 051046 052051 047047 050055 046050 055055 049054 053046 046054 047046 048055 046051 054049 053046 055055 046049 053050 050050 049054 051048 050054 055046 052055 054052 050054 047052 050050 049049 049048 054054 048054 046050 054048 047051 047049 048048 055051 049046 046051 052053 050050 046051 050050 055048 054046 053050 050049 049049 047050 054047 051051 054052 047046 050050 055053 055047 053054 048048 052047 050053 054053 053051 049053 055055
i474, 052054 047055 050050 048046 055052 053055 050053 047048 049046 050053 046051 048050 053053 046052 052052 055050 053055 050053 051049 047047 053051 047047 054053 049052 046055 046054 053053 054055 053048 053053 053050 051049 048055 046054 055052 046053 050052 048051 049048 051052 050054 046047 047054 055053 049049 052053 055048 047052 050051 054054 054050 051049 051050 047050 049053 047049 048046 050046 055053 051051 048054 047048 050050 049048 051049 047047 046047 053052 050053 047055 053055 048046 051048 052049 049049 054049 053050 055048 054048 048054 055047 047050 047047 046049 050048 051050 053051 046049 054046 055049 055047 055052 055052 050055 047050 048053 046054 053053 052052 054052
i713, 054055 047047 055050 046053 055055 053049 053049 052055 051046 053049 054046 048049 055048 047049 052046 047052 052052 051050 052050 051048 048052 047052 054051 047052 052052 052052 050053 047054 047053 047053 052049 050050 051047 050054 055051 053048 052046 051049 049051 050054 050055 048048 047047 054048 050054 047050 055048 046049 049051 049053 050055 051047 051051 046055 047054 046047 046054 050053 051053 051048 047047 047051 050046 054053 048048 054046 050052 055052 054055 055053 053053 048047 051051 048047 046049 049048 050049 051046 053048 053053 052055 049050 047047 055049 049050 051054 046052 049049 054046 051047 053052 055055 054050 053050 049054 050048 053054 047053 054052 047047
i447, 046050 053053 049053 052054 046055 048053 052048 049053 048049 052054 054054 048049 049054 050047 046051 052051 052052 050047 054051 047048 050052 047046 053055 055052 046054 054046 053053 054050 048048 046047 049050 048050 051049 049052 049052 055055 054046 049055 055054 046054 048046 055055 050047 047047 049046 047047 055054 051049 053048 054053 054052 055049 050046 051048 051054 047051 054047 047052 051049 054049 052047 053053 046046 054053 049048 054050 046046 053051 046054 053055 047048 050051 047051 046055 054049 048048 053053 055053 048052 048048 047054 050052 049049 054054 048052 047054 051055 050049 050046 047046 051053 047046 051053 054053 047055 050049 049054 053053 047049 046055
i551, 051050 049048 050051 053055 049055 048052 053053 052054 055054 052054 046052 051048 050054 055051 053053 052049 050055 047050 052051 050047 048046 050050 046053 054049 051051 055046 053053 049047 047051 047053 052049 054054 047055 051051 051049 055048 052048 051048 052053 046054 046055 048052 047052 053053 046046 049047 054055 046047 048051 049053 051055 051051 048049 047050 049049 051054 046046 047051 051055 049050 054050 048048 050050 054053 052055 048052 051048 046046 054054 047052 052049 055051 049048 047055 046048 048051 051050 055046 048048 048047 053055 053050 046048 053047 047052 050054 055052 048050 054048 046046 054055 047047 055054 053048 047050 055052 048054 053051 047048 055050
i771, 046050 054054 049049 049053 054047 053049 047051 049049 046054 052052 046052 050055 047049 046054 052051 049052 047055 052050 052052 047050 052048 049052 048054 049055 048050 054053 053046 050052 051051 046049 049051 050050 053054 052052 052051 049055 046052 048047 053053 054050 046048 048050 054048 047053 049049 052052 052054 050046 046050 054054 055050 049052 047055 050050 053047 047049 046054 052052 049051 050052 052054 049049 046055 046049 050048 054048 050051 055052 055054 055051 049049 046048 048055 053048 049046 054054 053050 051055 053048 048050 048055 055055 055047 055046 049054 048049 053053 046046 050046 047051 055053 051055 053053 048053 055049 050049 046053 051053 049055 055054
i628, 051053 051053 051050 046050 046055 051053 050046 049052 047048 050051 046046 049049 054055 051051 053046 049051 055047 052053 051054 054054 048048 047046 054054 052054 054051 052046 051055 050054 048052 053053 049053 046050 047051 052049 052048 055048 050047 048055 050047 050055 048047 048046 051051 053052 052047 047047 051053 046049 049049 053054 054054 055049 053051 047050 053053 054047 050048 051051 050055 048051 047047 053051 050050 053051 053052 050046 047050 046055 053046 052052 052055 048048 050055 053047 048054 049055 050050 051046 048048 047048 050055 050055 047047 051046 054047 051051 051053 047050 046048 049053 052054 054049 054054 053051 047051 046050 053046 052052 048049 053050
i786, 046052 048051 046046 048054 051046 051051 046052 053049 053046 049052 046047 049048 055048 047050 047053 055052 047047 050053 049049 048051 047051 047052 053054 046055 051046 046046 048055 052050 048048 053053 049053 048049 052052 052046 049052 049047 046052 053048 047049 051050 046051 055055 048052 047054 047048 046055 055051 051051 046050 055046 051055 046049 049047 050051 049053 048054 053048 047050 048050 048050 047055 048048 055050 049052 048051 051046 046046 055046 052054 047048 055051 047050 051049 055054 049053 047048 051053 055055 052050 048048 055052 050051 049049 055055 055055 054049 051052 053053 054050 047053 047055 049051 054054 050053 055049 052050 046046 053054 049054 050052
i391, 046050 047048 049049 054046 054046 046055 053053 048047 046054 054053 046051 047048 054048 050047 051051 055049 052052 050052 054052 052051 052054 046051 049053 055047 046048 054053 053051 050052 052047 050053 051049 050055 052048 052051 048051 055052 052046 049052 049047 049049 050049 051051 048051 053053 049052 050047 052048 052055 051050 054054 055050 046049 047051 050049 047054 049047 048046 046051 049053 050050 054052 051049 048050 053054 048052 050048 046048 049055 050054 047047 053049 046048 055048 049054 049051 054051 053053 052055 048050 047050 052054 053053 047046 053047 047049 050054 053049 049049 047055 054050 049049 055054 055054 051053 047047 050050 054053 053053 054048 054047
i158, 046054 055047 046050 047048 046047 051048 053052 048052 046054 051050 046052 047047 050048 046046 052052 050050 052047 050052 046052 047051 047053 055049 053054 046046 055055 055054 053053 046051 050052 055053 049049 046048 047047 051046 052049 047055 054046 055052 046049 051054 055055 046054 047051 053052 046052 052046 055055 052050 046053 054046 055055 051051 052046 050051 053053 055053 052050 046051 054053 048048 054049 051054 048046 048049 055048 054046 050050 047046 047053 055050 049049 050051 051051 053052 048047 051055 055053 051051 050053 047048 055054 048051 055050 048053 052047 047049 047054 049050 047054 054053 050052 051049 054054 049053 054047 049053 054054 049053 055048 052055
i695, 054053 047050 049046 046049 054055 055055 046048 055051 050048 049049 046053 049050 047048 049046 048053 049049 047053 046047 052055 046050 048047 047055 054053 055046 048055 052047 053051 051054 053048 055053 049049 050050 051048 051049 049052 053046 054052 052048 051053 049054 050046 055055 049048 052055 052049 047046 050048 051046 049049 054053 047054 049055 050050 050050 047049 054047 050048 047046 052049 054054 047052 048052 050048 053054 048047 048054 055050 052046 050048 055051 051053 050051 050055 055051 052046 048048 050050 055047 048054 047055 050055 047053 049055 049047 051048 049054 046051 049053 046050 046050 055050 047049 053051 050053 054047 054053 054049 047051 054055 052049
i565, 054054 051047 046051 048055 046047 053055 052053 049049 046048 050050 050054 051048 051049 049046 047048 050049 052055 050053 052049 050051 055048 046048 053055 053054 048055 055050 055051 048048 048047 051047 051052 053049 047047 052049 048053 050047 051047 047049 049049 050054 046051 051055 052054 055053 049052 052049 054055 050047 051054 046046 055054 046049 049051 049049 053049 049053 046046 052046 050055 054047 054049 051049 050055 049053 048047 046048 050046 047052 048053 051051 048051 051048 048051 055047 051048 049054 053051 048052 048050 049048 048050 051049 050047 053049 054049 051047 047052 050046 046047 055054 049048 055049 054054 053053 052047 050049 053046 047053 049054 047054
i345, 054050 055047 046055 052054 052046 054051 052047 055047 048046 053050 050048 047049 046053 050046 046052 049049 048053 049050 052052 047048 053048 049047 053055 047046 055051 046054 046048 054054 050048 053046 049053 052046 047047 046052 055047 049048 052052 053052 047054 049050 047048 050055 051051 049053 046049 046050 055054 054053 051049 054050 055051 049055 050049 051051 054054 052052 051048 047054 050052 053050 050047 048048 050048 053053 053046 048048 048054 053046 048048 051053 051048 048051 055053 050053 049054 051048 051053 048055 050046 048049 049055 047053 046047 051046 048054 047048 053048 046049 048054 054054 050050 047052 054054 053053 049046 049054 054050 054053 049055 055055
i463, 050053 048047 050053 054046 052055 052051 049053 053049 055049 047052 046052 048050 055046 050052 053052 051049 052055 051047 049048 051053 048055 052054 053053 053049 055046 052053 051053 049052 048046 055055 053053 050050 047047 046054 052050 049046 055046 048051 054054 050048 050046 055055 051051 046049 049049 052046 055050 050046 054049 053051 055054 055049 055052 049054 049049 049054 050051 047055 055053 046052 049047 050046 046050 053049 048050 054048 052046 052052 054053 051051 049049 050052 055055 047046 051054 046054 053053 055051 054048 048048 055047 053050 049047 054049 049052 050050 053050 050049 046050 048054 049052 047047 053055 050048 050050 050049 054050 051047 048053 052052
i218, 055054 047047 049051 046048 052047 054051 047046 052052 048051 049050 047050 049050 052050 048047 053052 050055 052054 054053 048051 055054 055055 046046 051054 049046 052051 053055 051048 049052 047048 053054 052049 050047 051052 049051 048055 048050 052049 053052 049046 050049 047046 055047 055047 049052 049047 050053 055048 050050 049049 055054 055054 051049 054049 051051 053053 048047 052048 050051 055052 052053 053050 049052 050050 054053 049048 047054 055050 046051 053053 051053 054055 046048 050048 048047 049054 048049 050050 046052 049048 047054 055055 049055 046047 050054 047047 054054 052050 055050 050046 055046 049047 055049 054055 049053 054047 046049 054052 050051 048049 048055
i19, 050054 054051 047046 048047 047055 051053 048052 054052 051054 047050 052051 048050 047046 050049 050047 049055 047053 050051 055052 048047 048050 050050 054054 055049 046055 046052 051053 052054 047046 055053 051053 050048 049048 051054 052052 055055 046054 048051 049047 047046 050046 055051 047047 053049 046049 052046 055054 050049 051049 046051 050054 049049 055048 050047 052054 051054 054050 051047 053055 050054 053052 051054 048050 053053 046048 052050 054053 046054 053055 055052 047047 048051 055048 046053 053053 053051 053049 051052 051050 048054 053055 055050 049049 051054 052047 054047 051053 046053 050048 052054 050053 055047 052053 053051 047050 055053 050053 053051 048050 055049
i540, 049049 049047 050050 047054 046046 055053 053049 049049 050055 051046 049054 048049 049051 047047 051051 050054 052055 050050 051052 051047 052055 055047 054055 049046 051055 054053 052052 052047 050051 047051 053053 050050 048047 046054 048050 048055 052046 048049 053047 055054 047055 055050 054050 046046 052049 047046 048052 048054 047046 046054 054054 055047 055049 050051 053054 055049 052046 054046 055055 054050 052048 051048 050046 053054 055055 052046 053054 046053 052048 054047 049047 052052 049053 054049 054053 049049 053051 046049 054050 048054 055055 051053 055047 054054 048047 054047 046054 047050 048054 047053 053049 048055 055053 048053 047050 051053 048053 049052 048055 055054
i354, 053054 048047 050050 052053 047050 055051 053053 049049 048051 050053 050052 050055 053049 049050 050048 046048 053046 054048 049051 054050 046054 046047 055055 049054 046046 050046 053053 053051 048048 053047 053055 051046 047052 050051 052049 049052 046052 052051 051050 049047 055055 055047 047050 053046 046052 047047 052052 047049 051051 053054 055055 049050 048050 051053 054051 049048 051049 047050 052049 051048 055049 055051 050046 053049 055055 053054 050054 053046 051053 055053 053051 048048 055055 052048 046046 048054 055053 053048 050048 048047 055047 055055 046048 049054 054050 053047 046053 055049 046055 051047 050053 055055 054048 053053 050050 046046 050053 053053 048052 047055
i128, 054054 054047 049049 053048 054046 053051 053052 052047 046055 050052 054047 049048 053048 050047 047055 049054 048048 050052 049054 050054 052047 050050 054053 046047 055048 051049 053046 052052 046046 048046 049049 051050 051054 051051 048050 050048 046049 048048 049049 049046 046050 055055 049048 048048 052054 052050 049052 051050 051046 054049 048054 054051 048054 051054 049053 055054 051050 054050 053053 048050 049052 052049 048050 053049 048047 048054 054055 047052 050050 051047 049047 051048 047051 048053 046048 054049 050050 055055 048054 048048 055055 053048 049052 047051 048049 050047 046051 049052 054046 046055 055052 047049 053053 050050 050047 050049 054051 047047 048046 053050
