point 1
gen 0
lala land
l73
l80
l44
l30
l41
l77
l52
l19
l4
l43
l21
l66
l34
l13
l49
l70
l38
l59
l57
l81
l67
l2
l50
l45
l24
l55
l95
l42
l48
l92
l79
l51
l20
l22
l46
l36
l23
l85
l68
l27
l90
l86
l54
l58
l37
l64
l91
l96
l87
l97
l63
l32
l25
l47
l16
l88
l15
l35
l18
l98
l11
l29
l84
l12
l17
l10
l3
l76
l56
l39
l40
l8
l61
l65
l82
l9
l33
l0
l28
l60
l7
l6
l14
l83
l1
l31
l71
l72
l93
l26
l75
l99
l78
l53
l69
l74
l94
l5
l62
l89
Pop
i366, 046054 047049 054050 050050 046053 047046 053054 047046 049050 046054 055046 054048 052050 050046 047047 050051 055046 051052 052046 051055 047054 048051 046050 050048 050051 051051 046051 047052 054053 049047 053050 051051 046049 053054 048048 047055 054055 053053 054051 047046 046049 046049 047054 055053 055046 054046 054049 053046 050048 052052 050051 051052 050050 052055 053047 055052 047055 049055 047046 047055 055048 049054 046049 052052 050052 047047 046052 052047 048054 049046 055052 052046 053054 048048 050050 046053 046046 051047 054046 051050 049048 052055 052048 051052 046050 053046 047052 053053 052051 047046 050052 050052 055050 050051 051048 054047 053053 048055 046049 052048
i132, 047047 046046 052050 054049 047050 054054 047055 051046 046052 047049 046046 050053 055049 050046 050049 050051 048050 046053 049052 055050 054054 051054 051054 053048 047051 052052 055050 050047 047052 053053 054046 052053 046046 052052 048051 049052 055052 047046 048052 046046 046048 054052 054054 046055 047049 049055 049055 046047 048050 052048 055051 055055 046049 052054 051047 048054 052050 047055 053048 054050 047049 048048 051050 051051 046047 048050 050048 048055 050048 049047 052046 052050 046055 048048 050048 049046 046054 051049 046053 053053 048054 048055 051051 047054 049049 049051 053047 054053 051050 048046 049052 048052 047053 054050 048048 054054 050052 054046 054049 046051
i724, 047055 048048 054054 050048 048047 053051 047048 048051 055051 046051 053053 050049 049054 047052 046049 051047 052053 046051 055052 053053 046054 051050 047054 048048 047051 052048 049049 054050 053047 053049 050052 049053 046046 048053 048053 054055 048053 047055 051052 049055 049046 049052 052052 055049 048046 054046 055046 054055 055052 054046 052049 055052 049054 047052 052046 050052 047051 053049 053048 055055 049047 054054 051054 051052 051051 046046 053055 054049 054048 046049 046049 050046 048054 048055 046051 046046 055052 050051 052054 054048 054050 046054 050051 046051 046052 053054 050053 048049 055050 054054 047055 053046 047047 051053 046052 054054 053046 049048 046052 050051
i572, 051050 053048 050050 052054 050050 051055 047046 047053 051049 047047 050053 054048 053053 051050 049051 051051 048048 052051 053046 054048 050054 051047 050049 055049 051051 052052 048054 055050 047054 048055 050054 048053 050046 055047 054050 049052 055055 047054 051052 046052 050046 049049 046054 055051 048046 054054 055049 054050 046048 052048 051048 050052 046054 050053 055046 046053 051048 053050 053048 053050 052049 054052 054046 055052 052052 048048 052054 048051 052047 047046 055055 046047 048048 051049 055055 046052 055047 052055 054046 049048 050047 054048 046054 046047 046050 053046 047053 053047 055055 054047 055047 055055 046047 053052 053046 046055 047052 053052 055047 050051
i482, 051047 047055 047054 050050 046055 055052 049050 047051 055051 054047 050050 047055 049055 046052 046046 047048 053055 050046 055051 053051 053054 052049 047054 055049 051051 052048 051049 050047 048053 047048 054050 046049 052046 053048 048053 054054 046048 047053 052051 046046 048050 046049 053053 051055 049046 049049 046052 050047 055047 054052 050054 048054 050055 047052 052046 053052 055051 047049 053054 053055 047052 055054 046054 052052 047046 047051 049052 048049 053048 046049 049052 047050 054055 048048 047049 051052 055049 050046 054046 048047 052052 051046 055050 055052 055052 049047 053053 054053 055051 047054 047047 053052 055047 054053 048051 050054 052053 051053 046046 049046
i595, 047046 053047 052047 055050 046046 050055 055050 051051 049053 047049 050053 054048 055055 047048 047049 051050 055055 048052 046055 055049 054054 051051 051051 048055 051047 048048 051051 048052 055048 048055 052051 055047 046046 053046 048050 054055 054049 047047 051052 049055 046046 052054 053054 051049 046048 054054 049048 046050 055047 049051 053054 055047 049050 046052 046051 055055 047047 051047 048053 047052 047046 047048 054047 055051 046050 046050 049051 051051 055048 052052 051052 050049 055053 054051 055049 052049 055055 046051 049052 048048 046049 054055 051054 046046 046052 049049 047047 054054 055055 047054 053047 055046 047051 054055 051046 055054 053047 055052 055046 051054
i552, 048046 052052 050054 054054 054050 052054 051052 049046 051051 050054 046046 053049 051049 047053 047046 055048 049055 053051 052046 051051 054050 051052 051047 046049 054051 052052 048052 047047 047054 049047 055054 053053 046046 047053 051053 055052 051055 047047 050053 047046 049049 049046 053046 051055 046048 047053 048052 048046 048051 047046 051052 055050 049055 055049 049046 050048 051050 050050 054046 046047 052052 048047 053055 055055 047047 046046 047049 048049 049047 053047 046054 052052 055053 049048 048047 053055 055048 047053 047054 049048 048047 055053 055051 054050 046054 048048 046054 051054 055051 054055 049054 052053 050050 052053 048046 054054 046053 052046 055047 051046
i242, 055046 052055 047054 050054 050046 051048 047049 048052 050049 054050 055053 050053 055049 048052 047047 055050 049054 046051 055046 051051 052054 051052 046051 046050 047051 052052 054046 050055 049051 055055 053054 055053 046046 053051 051047 049046 054048 047051 053051 055046 049049 052049 054052 049053 048048 053049 048052 047048 055047 052048 051051 046052 050055 053055 046046 054052 049048 053047 053050 052046 046052 049055 054048 055053 049048 046048 052054 049047 050048 055051 047052 050050 048053 051049 048051 052053 052053 050050 046047 048053 048049 055055 047051 055050 055046 047051 053050 054050 050052 052054 055047 046054 055047 052054 050048 046053 047052 049048 046046 048047
i751, 047051 055055 054047 054049 055046 050050 047046 048052 048050 047054 055046 055053 055055 050052 048054 055055 054054 051051 049046 055055 047053 054052 054050 054046 051050 048052 055050 053050 053047 054049 050053 049053 046046 047048 055051 054048 050051 047047 051053 055055 054053 048049 052053 055055 046046 047049 052052 046050 048055 052046 052051 051050 047055 055047 052051 046054 055050 055050 048053 051054 047052 054054 054054 047055 048046 055048 052046 055049 054050 049052 046046 053049 048053 050049 055055 047053 054046 055049 046047 048053 049047 052052 054048 051051 055054 051051 050047 053053 055052 046047 049050 047046 050047 053053 051046 054052 050053 049048 046054 047052
i373, 051047 053049 054054 054048 046050 046048 048049 051053 051055 055046 053053 055054 055055 055046 046049 055047 054052 051047 046046 048053 050055 051052 055049 048054 049047 052053 052054 046051 047047 055053 051047 048054 055046 052046 046047 055052 052047 055049 053051 048049 053046 052049 054054 051050 049048 048054 055055 047046 055050 050051 051054 051050 047050 053051 052055 054052 052050 055055 050048 054054 047046 054046 046052 047052 046055 047051 050050 054052 047048 046054 052052 049050 054053 051048 048051 053053 055047 051055 054054 053048 052050 048054 047048 052047 049054 051051 047053 046054 052046 047047 052055 046046 054051 054054 050051 054054 048053 048050 046055 050051
i228, 055051 046051 054052 054055 050050 051051 049050 051051 049048 049050 053053 055050 050050 055046 049049 051051 050047 053051 050052 054053 054054 054048 047054 048046 051051 052052 050050 050049 050054 047048 054054 053047 049052 047052 047049 054047 054052 054054 050051 053054 048053 054049 054046 055051 047046 054048 048052 047049 055048 050048 049052 047046 049050 055046 055051 053051 048047 055051 055046 055053 050047 053047 051051 052052 046055 052051 049055 054054 055050 052052 049052 052047 048046 050049 051051 051049 053047 053052 046048 048053 047052 055048 051051 055051 047052 051049 050047 053048 053051 054054 047047 051055 051053 054055 051052 055055 052049 053048 055054 050048
i744, 050055 053049 052054 055050 051046 051051 050050 053052 047049 054049 046052 053050 048051 053051 051046 055051 054048 049052 049055 055053 054054 055051 054054 048050 051049 048048 050050 054052 054053 055049 053053 055053 046046 053047 055050 055047 049054 051054 046048 050055 050046 052049 053055 055051 054047 053048 048052 055047 053055 052048 050050 055050 047054 047047 051046 048046 051047 053051 054048 055050 052052 052046 046046 051051 051048 050051 049050 051049 048048 046046 052049 050046 053055 049054 055048 053052 047055 050051 054055 048049 047054 052049 046052 051052 055046 053051 047050 051051 050053 053054 046055 046048 048051 046054 046053 047050 053053 053048 046054 048053
i711, 046047 047049 050055 052052 046050 051053 051049 046052 049049 055047 054046 055048 055050 053046 055055 050047 055054 053053 053052 051051 054054 051048 051052 048053 048051 048048 050055 055049 055047 049049 050053 053053 046050 053053 048048 047055 055051 046047 050051 047046 046049 052054 046054 055051 049047 054054 048049 052046 055047 046048 055052 050051 055050 055052 046047 054055 051053 048047 053054 055054 052047 054050 053049 051052 051047 051052 049048 054054 047052 052054 052049 052050 051054 048049 050046 053051 055047 046052 054054 048048 053052 051055 051051 051051 049052 054055 047047 046053 048055 046046 055047 046048 051046 053054 046054 046054 053053 051053 046054 049052
i461, 046050 051052 046054 048050 055054 051051 050055 051055 049051 046054 050052 052049 049048 050052 047046 047055 053048 047051 046051 050053 051052 046048 049050 055048 051049 055055 051052 050047 047053 049049 050051 055055 052052 053055 053055 055048 048048 047048 051051 050054 049049 049046 054053 055053 046047 053046 054052 048054 048055 046048 048053 050051 047055 048051 046046 054051 052047 047049 054048 047046 047053 052052 046053 053052 047052 049050 054052 049051 051048 046046 052052 046054 046053 049049 049050 053046 053055 050047 046049 049048 052050 048048 048049 047046 051053 053051 047050 048051 052046 054055 055055 051046 047046 050052 055051 046054 052048 049048 055046 052053
i250, 053051 049053 050047 052054 050047 048054 047049 051051 049051 047049 053050 054053 055048 046050 049050 055047 053055 047048 053048 049051 054054 054052 049051 049049 051047 048046 052051 046050 049051 047055 050049 055049 047046 048047 048048 055047 050055 054047 052048 046047 049046 046046 053047 055051 049048 053046 046055 050046 052047 051052 051053 055050 050049 052052 047051 046053 047048 055055 050054 055048 052047 048049 050051 052052 055052 050051 046050 049055 050050 052047 052055 052052 054055 046054 050055 046053 047055 051053 055055 049047 046048 048055 047049 053052 054047 051053 050052 048053 050052 054054 055048 052046 046048 052053 048053 054055 048053 048050 054046 055052
i106, 047047 053049 054050 050055 050054 051054 049046 051046 051049 047052 050046 050050 051049 052048 054047 049050 053048 051046 053047 053046 051054 051051 054049 048048 051047 048048 046049 050052 054046 047047 053046 055050 049050 053053 046048 053055 055054 048047 052052 047046 049050 052052 051054 055051 049047 054047 054047 046050 051048 051054 051049 052055 047049 046052 046046 046046 048050 053047 054047 055055 047048 053053 046055 052052 049050 048046 049054 054049 050052 049046 052049 050050 055050 048051 050049 046053 055055 046049 054046 053053 047047 051052 054048 051050 053047 049046 047055 053048 047055 054054 047046 051052 051050 055052 048048 050054 053053 053050 055046 051055
i26, 053046 046048 054050 055053 046051 046054 055047 052053 055055 050047 046046 054050 055055 052050 049048 047047 048054 052052 051052 051049 054054 051055 048046 050049 054047 053052 052050 050054 055053 049055 050054 047053 051049 053046 055055 052049 051052 055046 051053 047046 049048 053046 054055 051055 048048 053055 052048 046046 050055 048048 055050 050052 049047 047052 049052 052054 051053 049047 050054 048050 047048 052054 054054 052054 051051 048050 051055 054049 048047 048046 052052 046050 053053 054046 051049 051053 053047 051052 054047 054049 050052 053048 051049 055047 052051 053046 048053 053053 050055 046046 047046 055051 053050 053050 055051 054052 053053 054049 054055 048052
i161, 050051 048051 054050 055050 055050 050055 047047 048051 049055 055046 053046 053055 055055 050053 051055 050050 054055 048046 055055 051050 047054 050051 054047 048048 048055 051048 048046 053049 047047 053053 054050 053053 050046 053047 048055 052048 055055 047046 053052 047047 048049 053054 054053 055046 048049 053047 053051 046048 055051 052046 049049 055050 049054 051050 052052 052052 055053 050049 054054 046046 047050 050048 055054 052052 046048 050052 054046 054049 048050 050047 046049 050055 050048 049046 049050 048049 052054 046055 054054 053053 052052 055053 051052 051046 055049 053046 047049 053048 047047 047053 053050 048052 047048 053053 053047 047055 054053 053053 054055 048052
i360, 054050 047053 050050 050050 046050 046051 051046 049049 048051 050051 054054 053053 055050 046046 055049 051047 053052 048051 051046 050053 054054 055051 049053 051054 051051 052051 051050 052049 047046 049049 050046 049047 046050 051052 051048 048054 049051 054046 054052 053047 049049 049046 052053 052055 049046 049050 052046 054046 051051 048048 055047 052052 049046 051055 052049 047051 047050 055052 054052 046054 051051 046054 048051 052052 051053 046046 049050 047051 048055 048046 054054 055052 048053 049048 051055 055046 055047 055050 054054 047046 052049 047052 051050 055055 046046 051046 047047 047047 055046 048047 047050 048046 055050 050050 046048 046054 053048 048049 054055 052048
i140, 051050 051053 054054 052050 046051 050050 051048 051052 049055 049047 055053 055048 048050 053046 049046 055050 054055 051048 052053 048050 054046 051054 050054 046054 051051 052048 051050 046048 050051 054047 050050 047053 046049 053047 053053 052052 055053 046055 048055 047055 046046 046046 054054 055053 046047 053054 055054 050046 055055 052048 054052 055055 050055 055052 051055 052046 051055 050053 046054 054055 047052 055047 054052 052051 051048 051046 050049 047050 050048 048052 052054 050052 051054 049046 050055 051046 047046 053049 054054 053047 046047 052046 051048 047055 052051 049047 047054 046046 051046 054053 052054 051053 051046 055054 046052 054046 053052 055049 055054 048051
i712, 054053 053048 050050 049050 046046 049046 049055 049046 051048 049047 053054 048053 047049 046047 049048 055051 048049 046046 053047 054055 054054 052053 046046 048052 051051 049048 051046 047053 054054 055053 046054 053053 052046 052053 046047 048046 055049 054051 046054 047047 050054 049052 054053 049055 048048 055049 054055 050046 053048 052054 048054 055046 047046 052054 055052 048046 047046 050050 054054 046054 048046 052049 046055 052048 050047 046053 050054 054049 052048 052051 054049 047049 055054 048051 050050 049053 051046 046052 047055 047051 054046 055048 054051 051052 055050 049053 047053 048049 047048 047047 055052 047051 047047 050052 048055 054054 049053 051049 054055 055052
i486, 047046 053053 050048 054055 046054 055055 050049 049049 048050 049055 054053 052053 050055 055046 049049 055053 052054 047051 055053 051050 053053 048050 049054 048048 051047 051048 046050 052049 055053 055049 046053 055053 049055 047052 048048 047054 055054 054046 048052 047046 052050 046052 054055 048055 049054 049049 048047 050046 048048 048050 047053 051050 054049 047051 052051 052055 053055 055047 053048 050054 047050 047048 048046 052052 051050 050050 052054 051049 049052 047050 052055 047050 054054 049050 048055 055053 054046 055055 046055 054055 050048 048054 048055 051047 054049 046049 050047 051046 055047 047050 053055 048046 047055 054050 051048 054054 051053 051053 046047 050049
i49, 054047 049049 054050 054050 046051 048049 052055 055051 050051 054047 053046 050055 050049 047052 055049 051050 055050 048051 049046 051051 054054 050055 051052 050051 051046 055048 051051 051055 055046 049047 050050 051050 046052 046053 051048 046054 048055 047051 048050 046053 046049 054052 053054 051051 046047 052049 054055 047046 051055 048046 047052 046046 047046 047055 055053 054052 048048 052049 053050 055046 052050 055048 051055 052053 050053 050049 054052 052049 048055 046052 054052 053049 054048 053047 046055 052051 054054 050047 055055 049049 052052 054051 051050 052051 055047 051053 050047 054053 047050 046046 046055 048046 051046 054050 048046 046054 048047 054051 055046 052050
i87, 046051 047048 050050 054053 046054 048046 050048 052049 049050 047049 053050 053053 048049 046050 049050 048051 053048 053051 046052 053055 054053 051051 055052 049046 051046 051052 048054 053048 053053 049049 051050 053053 049046 047052 047047 054053 055055 047051 052046 046049 048048 052054 053054 046046 046047 047054 054052 048046 052053 048050 053053 049055 054050 053055 052047 055046 048055 048048 053054 054050 052050 050053 046054 052052 048051 047051 049052 047051 050048 048052 052046 049050 054054 050051 051046 052055 046055 050052 046054 046048 052050 051046 050052 052051 054049 051046 047047 053053 047052 046055 055047 052051 047047 054050 051048 055054 053053 049048 055054 052048
i488, 051054 047049 054047 053054 055047 051052 050046 046052 050051 051051 053046 052051 048050 046052 049049 051050 055052 051053 046046 051050 054054 047051 054046 048048 053051 052053 054050 053048 047053 049048 050050 053053 052046 048052 051053 049055 051049 054047 054051 047053 047052 046052 053048 051053 046047 055054 046049 055046 055052 048052 047051 051048 047047 049047 047051 048054 053051 051048 053054 054046 047052 054047 048047 052052 050050 049054 049052 047052 052047 055046 049049 055049 053053 054054 048049 051053 048054 053050 046047 049053 050050 048052 052047 047053 046054 051049 050050 046053 051055 053048 055047 052049 047051 054052 051050 046046 053046 053054 054054 050048
i556, 047046 052047 046051 050055 050050 055051 046050 050046 049051 046054 053050 054050 054055 046048 046046 055049 048049 051051 046053 050055 050054 051054 051047 048048 048048 052048 055048 054049 053053 047053 053050 047053 049046 055053 050048 049052 051055 053055 053055 047053 049049 049054 052054 049051 046046 049055 055049 047046 055055 049048 049051 050050 050054 046055 047046 055054 047050 055047 046054 055046 050046 054052 048050 052052 048048 046046 052050 051047 050054 046054 054052 049047 053055 052054 055051 050053 053052 054053 055054 048054 052047 055051 047051 050047 051052 051055 049052 048053 055055 051054 052052 046052 051053 055053 048053 054050 053053 055051 054048 055052
i608, 046051 050053 052046 050054 050055 051046 049049 049050 048049 050055 050053 054053 054055 047052 054047 047055 053048 051051 051053 050051 053054 052054 053049 052050 048049 051051 052051 050048 053055 049053 050054 047051 051046 047054 048048 054052 047054 047047 052051 049047 050050 052052 054046 055046 047046 053048 052054 047050 050055 047048 049052 052051 047049 050055 051055 054046 048048 047048 047050 054046 047052 048049 055054 055049 047052 046046 051052 049047 047050 046046 048054 052050 055055 051054 055046 052047 051055 051049 047046 049055 047050 052055 048048 047055 046050 049053 047047 054046 052055 046046 047047 051055 050050 052055 049048 048055 053046 048050 047046 049051
i195, 047050 051046 050054 050054 047051 046050 052046 051049 050050 055052 050046 053050 050054 050053 048046 055051 055049 046051 053053 050049 054054 051047 054049 048051 051046 048052 050051 054049 048052 049053 053050 047050 046046 053047 051048 054054 054048 047047 048046 049047 055049 046049 054053 055055 048046 055055 049052 048055 053048 052050 055047 055050 047055 046047 055051 051055 051052 047053 048054 055054 046047 048052 047051 052052 050047 053053 048049 051049 050048 049046 046051 053047 054055 054048 049055 055052 053053 053052 054047 049049 048047 054054 049051 053053 049055 052047 047047 046051 055051 047052 049050 046051 047051 052047 052048 054047 048046 046049 055054 050048
i664, 048052 049049 050049 050049 047046 050050 046047 049053 048050 046047 050050 051050 048054 047052 055048 050048 055052 047051 050053 050053 054054 051051 054054 054051 051047 054048 048054 048049 047055 049053 050050 047055 050049 046052 048049 046055 055052 047047 052052 049053 050046 052052 052052 055053 046049 049047 051049 046046 050053 050051 050053 055050 047054 046055 046052 046052 053051 049049 053048 046046 047047 050054 054046 052054 050051 049047 049048 055049 048048 049052 054046 047052 054048 049049 055046 052052 054047 046055 046047 047047 046050 046053 050051 047051 055049 051051 047051 051051 055054 054046 055053 046048 055055 054050 050048 055054 053055 054054 055046 050052
i791, 055051 051048 046052 054054 054053 051054 046052 055050 049051 051054 050054 051050 055050 048051 050055 051055 048050 051051 046052 053053 054054 050051 049050 049048 048051 051052 054054 055053 055054 052048 046053 053047 046046 053053 048051 054054 054052 054055 051050 054046 046049 052054 053054 051051 047047 047049 049054 055046 051052 046054 050053 049047 046050 046050 051055 052052 048055 049052 048048 055046 049046 054052 046050 052052 049051 046046 049049 048054 049047 053049 052052 050049 054047 048048 055049 053049 049047 054046 055054 051047 050049 051046 048048 052046 055053 051049 047050 053053 055055 048048 047052 050052 055052 054054 048048 050050 048053 055048 054055 052050
i764, 047047 049053 054054 048050 046046 050054 047050 051051 049054 049055 054053 055050 055055 048052 046048 055051 048055 051051 052055 050053 053054 051054 049046 049048 053051 050048 049054 053047 047053 047049 047046 053051 046046 047054 053047 047055 049054 051055 052052 053055 048048 052051 054048 055055 047049 055055 049055 050054 055053 051048 052049 050050 047046 052051 052052 048052 052051 052053 048053 055055 052052 046054 047054 055053 048054 053051 050049 049047 048049 052046 055054 054046 054055 048048 046047 055053 053053 055046 047054 046054 052052 048053 047055 051055 050049 048053 050047 048053 055055 047047 049053 046053 046047 048046 048053 046054 052052 048049 048054 048051
i371, 050050 046049 054047 055055 053046 049050 053047 046051 047050 046051 054053 055052 055055 046049 049049 049051 054050 046052 046053 051053 048054 046046 050049 053048 051054 046051 050051 049055 049051 055047 050054 049053 052052 053053 049048 050054 052055 054054 054048 049053 049046 052052 046053 053051 046046 053049 054049 050046 050055 051048 055052 055051 054050 052048 051055 048046 048048 052055 053053 050052 052052 054054 054054 055052 052046 052050 052049 051049 055052 052049 052052 049050 046055 051049 049055 048046 054054 046054 046047 049048 052048 054051 055047 055047 052046 052051 050050 046053 050055 054046 055055 052046 050050 052054 048055 054054 048050 050050 054054 052048
i27, 054051 049049 050050 050050 050055 050048 048052 051055 050049 049052 054053 050047 049048 052046 049047 055051 048055 047049 053046 053053 052054 052051 054054 048048 051051 052052 052055 053050 051053 047053 050050 053055 046046 052053 051048 046046 046048 046047 053053 053049 046055 055046 046054 053055 047049 054054 049054 052050 052051 048050 053051 051051 049050 055054 047046 046053 052051 049054 054053 055047 047049 052049 051046 052052 048051 049046 049046 054051 052046 047049 055046 050049 048055 049050 051050 046055 054047 046051 047047 049053 047052 051051 052048 055055 052049 049049 052053 046054 051050 048046 055052 046052 051047 054053 053055 054054 048052 051050 049054 050051
i37, 051051 047047 054046 055050 050052 053053 050054 051054 051048 051047 046053 048048 055055 046046 049049 050047 050049 051051 049053 050051 047054 055051 047049 051046 047055 051051 051049 046055 052047 049055 052054 053048 049050 053048 047048 055047 055054 055046 052048 046046 049046 054052 055053 053051 049046 054054 053054 046050 048055 050052 053053 050051 047055 053047 051046 048048 048047 047055 054048 053055 050054 047052 054050 051052 046050 051046 050048 049049 055050 047050 052048 053049 055046 055054 051048 051048 055046 052051 047046 053049 051054 051048 054049 055055 046049 053046 050052 046049 046055 049047 053052 051048 046053 050055 051055 054054 052049 050054 055055 052052
i690, 046047 052049 054048 052046 050050 051051 050050 051046 051049 047051 053053 053051 054049 050053 049046 047055 047053 052052 053052 053054 054054 054053 049049 048055 051047 048048 050050 050047 049054 049047 050050 053050 055046 048047 055055 053054 054055 054051 048052 050054 054049 046052 054054 046051 053049 053049 046049 052048 055055 048050 048049 055055 049055 050046 051047 046049 048055 048055 054054 051047 052052 048050 052047 049054 053051 050052 048050 052055 052048 049046 046046 050050 054053 049054 049046 055055 046054 050052 046054 047054 054054 053051 051050 050047 052054 053051 047053 051048 046054 047054 055047 052053 048046 053054 046046 054054 048054 048049 046048 052048
i692, 051046 047048 054050 050051 047050 051052 047047 051049 049050 055047 053055 054054 055055 046046 049055 047050 050048 051051 053053 046050 053053 047052 051051 049051 051051 048048 054051 050049 053047 048049 050046 055049 046046 053048 055048 051055 052054 046054 046055 053046 053052 052052 053054 048055 046047 046053 051047 050046 048052 048046 052049 052053 049047 052046 052051 046054 048046 053050 054054 050052 047049 054052 055054 055054 047046 051054 052050 055055 047050 046051 046053 046053 053049 048046 050050 046049 052051 050053 054054 053053 047049 055055 049051 046047 049050 046047 050054 046054 051055 053054 055047 046050 055047 054055 048052 051053 054052 055048 046054 047051
i476, 052052 046053 047050 049050 046050 052053 050052 049049 050049 051046 053053 048050 055054 050053 049047 051047 053048 051046 046055 055053 048054 052052 054050 049055 051046 048048 055052 048047 052047 055049 054054 047053 052050 055054 055050 050047 055046 049054 054051 055046 049046 046046 054054 055053 049048 055047 049050 046046 047055 048052 054050 046051 049047 046046 052046 046047 055051 047049 050050 054053 052046 054046 054055 052051 049046 047052 052049 047051 050052 050054 055052 055052 055048 054049 048055 051051 048052 051049 053046 054047 046047 055051 051048 050052 052055 048051 054047 053047 052051 053050 047046 047046 047047 053048 055051 055054 050053 052049 049049 049051
i347, 050047 052048 054046 049054 051046 050046 050047 046051 047055 047051 046053 050054 055055 046046 048046 048047 046055 052051 053046 048053 054054 051046 047047 051050 054055 048051 048050 050053 053048 053049 053050 053055 047046 048052 055053 050054 049049 047054 053048 054046 049050 049055 046052 055051 048049 049055 051051 050050 052055 054050 050054 055055 046050 046055 055046 054046 048047 047055 053054 046050 050052 047050 050055 052049 046052 046053 050049 055048 050050 049049 052052 047052 050055 051049 051048 053053 046046 052053 054054 049053 052047 048048 050051 046051 051051 046055 053050 048052 046046 054046 047055 047052 047050 046052 055046 054054 053046 051055 046054 050049
i756, 055048 049050 054050 054047 053046 046048 049050 052053 050051 052046 053046 048054 051051 048046 046047 055047 053048 051051 052046 054050 054054 050052 051051 053051 049049 052048 051054 047054 048053 053048 053050 047048 046046 048053 048055 050055 055052 047047 048051 047047 050048 046052 054054 051055 046048 053049 049049 050046 055053 049052 047046 050055 054054 055052 051055 054046 055046 050055 053047 055046 052047 049052 049055 052052 050050 048050 050052 051048 048050 049047 049047 055049 055055 049055 047049 051053 055053 047046 046047 049053 053052 046052 050047 051053 049052 047053 050050 047048 050047 053046 047052 050048 051047 054050 052051 052054 053046 054052 051052 051051
i248, 050047 052049 048047 053054 051052 048054 050054 049053 051051 055047 054046 055054 055047 053047 047048 047050 048048 051052 053055 049051 054053 051051 055052 046048 051047 052052 051051 050047 047053 049049 054054 047049 046049 053047 048055 048055 055050 047046 051051 046055 049049 046049 053053 055046 048046 049049 050048 052047 048048 051051 052052 055048 048047 055052 047055 055051 047048 047055 053048 050047 047050 049054 054052 052051 053051 047050 052051 046055 050048 052046 046051 052053 048053 051047 046052 048046 052055 052049 047047 048046 046054 052050 048050 050051 051053 055048 047047 046048 055054 048046 047052 046052 047046 050047 051048 055051 049053 052053 046054 052047
i267, 050050 047049 047052 049054 050050 046052 047055 053054 049049 051054 053053 055055 055049 046047 055047 051053 052053 048051 046052 046051 054054 051051 050047 048052 048048 048048 048051 050052 053047 049053 050054 051053 049054 052050 048053 053055 051055 051054 048052 049053 046048 048052 046053 055049 049049 054050 046046 049053 047048 055047 052049 047052 050047 055055 055051 054046 050047 055055 050048 055053 048052 055048 047050 052051 053048 051049 054049 051049 052047 052046 046047 050046 055048 055048 051051 052046 046049 051050 047054 048049 047052 052055 051048 054055 051054 051051 050050 053051 055053 052054 047049 047046 052048 054046 050048 046054 049053 049048 055048 047048
i775, 050046 046051 054050 050050 050050 048052 052055 047049 051051 054054 046053 053053 050048 055046 047047 050051 047055 047046 049052 055046 054053 049055 054053 051048 051051 051051 048052 050053 047047 055053 054050 053055 046046 055052 048048 054048 055055 049054 051048 052050 049053 046052 054055 055054 050049 050053 055046 047046 052054 050048 054055 050051 046046 047052 055049 054052 052055 049050 050048 047055 048055 047047 047050 055054 048048 051051 049049 049048 047052 049046 046052 050047 048053 048048 050049 047050 055047 049046 055053 055049 049055 051051 046055 047055 047046 047051 049047 054046 047055 054055 048055 051046 047050 054047 048048 049054 053053 051049 054048 053049
i666, 046047 046046 050054 050050 049047 046055 055049 048051 050050 054049 046053 053053 055048 046052 053049 049055 055048 047051 046046 046050 054054 052052 054047 048050 051050 053048 051050 049055 051054 047047 051051 047053 050050 053054 055048 054046 055055 047051 052047 049047 049053 049053 053054 055055 046046 050054 055054 047046 048051 048053 054051 052049 050049 055051 052055 052048 050051 052047 047050 046047 052046 048052 046050 053052 050051 053046 053049 048051 050052 047050 049055 050053 046046 050051 050048 053053 051053 051050 046054 048049 047053 054051 051046 055055 053047 047049 048048 054048 055055 054047 047055 053051 051047 053050 051051 054052 046051 051051 055049 048052
i365, 052047 048049 054046 050052 053055 046055 047049 053053 051055 049049 050055 053055 055051 046052 050046 051047 054047 051051 047049 053046 047054 051055 054047 052048 054048 052048 048054 047048 047048 052053 050050 051048 049052 053055 048046 053055 055055 047047 054052 055053 049051 048046 053053 049049 047049 054053 054048 049046 050055 052048 054049 051051 046054 051054 046055 046054 046051 049053 053054 046055 052052 052048 052046 052051 046046 046053 055052 049054 046050 047055 046049 055052 048055 049048 047049 053053 052049 046055 046054 053048 049052 047048 051048 051053 055046 054048 050050 053049 046055 054046 047046 046046 051050 052050 050046 047046 053052 046048 055055 048048
i540, 055046 053049 054054 054055 046046 052046 047051 051051 049049 047051 046050 055053 055051 055052 048048 050051 051051 051047 049046 050051 050053 055053 054047 048051 051048 055051 054050 050049 047049 048047 050050 047053 046046 054053 055055 055052 051048 047046 055046 047047 046046 046052 054054 055047 049048 055054 053054 055046 055053 048046 051053 052055 048050 046052 049046 054049 048050 047047 050048 055046 049049 047054 054053 053051 050049 052049 052049 052051 048055 046054 046053 049049 053048 049046 050048 053052 047054 053054 054054 048053 052052 048046 050051 046052 053055 049051 046047 048046 055046 052055 047053 046048 053050 046054 053046 054054 048052 051052 048047 052050
i782, 054051 048051 054054 054050 050054 052048 046047 051049 050051 049049 051051 053050 053054 051051 055055 055051 055050 055051 049046 048053 054050 048054 054049 051049 051047 046052 049050 050050 053053 047055 046051 053055 050046 050048 048055 055048 055049 047055 053047 054053 048053 046049 053055 046053 049049 055047 052051 055046 052055 052052 053050 051051 052050 052046 046047 054048 048047 055054 053046 053047 052050 052054 047051 052052 047050 046048 055053 048051 048055 052051 052052 049050 054048 048054 050048 052052 049049 046049 047054 053049 050052 047055 051049 055051 049051 054049 050050 048054 046051 048054 052053 046053 048046 054050 048051 050050 053052 053048 055046 052055
i591, 046047 052052 054047 054053 050050 052051 047049 053049 050050 054047 055048 050050 049054 048047 048055 050050 052049 051055 052046 046046 053054 049050 054053 049050 051048 052048 050052 047054 047053 047053 051050 055049 046052 055048 051047 052052 054054 054046 051055 047053 053046 049049 054055 055052 047049 053054 051055 046047 055051 050048 052053 051050 050047 055051 055046 048052 048050 053048 052054 053055 047052 054052 051050 055051 054049 054051 047055 047052 048052 050052 046049 050049 048048 048048 050048 047047 049054 049047 054054 053048 054053 051051 050051 051047 046049 049053 047053 046046 055050 046047 047055 046052 048047 047055 055053 047055 048048 049050 046054 051046
i535, 046047 049050 047054 054046 046047 048049 047047 049046 049049 049046 046053 053053 055051 050051 046049 055050 047051 046051 051052 048051 054053 053051 049046 048053 051051 052051 051055 050051 053047 055053 050053 053053 046046 054053 047048 052054 048055 046054 052046 049047 046046 052046 054046 055055 048048 049049 055053 046047 052052 046050 049050 055046 054050 055047 052052 046054 055050 047050 046050 046055 052047 054052 055053 055054 053049 046048 052055 047054 051047 047052 049046 052049 053055 048048 046048 047055 046047 049052 049046 051053 052052 051055 052051 055051 049055 047047 050049 046046 051046 054054 052055 046051 047046 053050 055051 052050 053053 051052 055046 055053
i312, 047046 049053 050054 050046 049055 050055 046051 053055 048055 047047 051055 055048 055055 052052 049049 047051 053046 053051 050053 053051 054054 047046 054046 054051 048051 051046 050050 046047 054055 047053 051046 051049 049046 053047 054048 052055 048047 046054 052051 046047 046049 052052 053053 051055 047049 049054 055051 046046 048055 048046 052055 051049 055047 047046 048046 048046 055050 047047 053054 055051 047047 048048 054051 052048 052050 051047 049055 055048 046050 049046 053046 049053 055054 054049 046047 046049 055055 046046 047046 054054 053054 049052 046047 055050 055050 047051 050047 054054 047050 050054 055052 047046 050055 050052 048051 054049 048053 051051 055051 051049
i719, 047046 049053 054047 052053 047047 051048 049048 051051 048047 052054 050053 048052 055049 046050 053047 053055 048054 051046 055046 050053 054054 051051 051046 048046 051054 048051 054050 053049 047054 049053 051054 053053 052055 048052 046047 054051 047055 047047 053051 046047 048049 049053 052053 053049 047047 046048 054048 047055 050052 050046 050052 052046 050046 055046 051052 048053 051052 055047 050053 050051 047052 046055 046046 055054 051050 051052 049052 046046 046050 049049 052055 052052 055055 050049 046048 055051 054049 047046 054054 053054 055050 046053 049051 051055 053046 047049 047051 046048 055047 053046 047047 050047 050050 053046 046051 054048 055051 048046 051054 052052
i451, 052047 046046 050050 049050 046046 053050 052049 053046 049049 051052 053050 051055 055050 046053 048049 055051 050052 048048 053052 053050 054054 053055 054047 048049 054046 051052 050050 050047 053047 055049 051054 053053 046046 048048 046054 054049 046054 055055 052051 046055 054046 052052 054046 055049 047046 047048 052047 046046 050052 052052 051055 050047 046050 050052 051048 048050 048050 049047 054050 046055 052049 054054 046048 052052 050047 053047 054054 054053 055050 055050 052055 047049 046054 055054 051050 046051 054047 051051 054052 053048 048052 048046 055052 053052 055055 051053 053049 053053 050055 047053 053049 053053 047047 051050 048055 055050 047053 054051 055054 050052
i193, 047047 052049 054050 053054 050049 054055 052055 051046 055048 047055 054046 053053 048050 047046 049053 050051 052054 052052 053053 051053 053046 050052 051049 050048 048049 054048 050046 053047 053047 048048 050053 053052 049049 055053 048048 053052 046055 055054 048052 047054 046049 054046 054052 055053 048048 055053 054053 047052 050046 050052 055051 055047 046046 055052 046055 048048 048048 047047 054054 053054 052052 052048 047046 051053 050046 052048 046052 054051 048048 047048 055053 050046 048055 054048 048050 052053 054052 052046 046054 048048 047050 051053 053048 053051 048046 051051 052047 051053 052054 053054 047053 053053 051053 054052 051048 054054 053053 046048 054055 046050
i783, 054052 048046 050054 049052 051055 046050 051048 052049 049051 054051 046046 053055 055050 046052 048049 051052 053050 047051 053050 050050 054054 051047 047047 046048 050051 051048 050050 050055 046047 055055 054053 051048 046046 055055 053048 055053 055046 054051 048053 046047 049050 052049 054054 053051 051046 054052 046049 046052 055053 051050 055055 052046 050055 047051 046054 050046 051051 052053 050046 054046 047052 048048 054049 054052 051049 047050 048049 046049 050050 052054 052055 054049 048055 049051 051051 051046 054046 047046 052047 055053 052053 054048 048050 047046 051049 047048 053050 053048 051055 048046 046047 050052 047050 054052 053046 054050 053049 052048 048054 048049
i283, 048046 053046 050052 052054 047050 051053 047050 051049 050049 047047 053053 055055 055050 046052 046049 050055 055052 048052 055053 051053 054054 050051 049050 048051 048051 051048 050050 052053 049046 049049 052050 055047 046055 047053 048048 048054 051049 046047 052051 047053 046048 046054 052054 055055 048046 046053 049050 050055 048047 046048 053053 050051 054047 055048 047046 048052 051051 055053 048053 046051 047052 054054 046046 055054 053050 046051 052050 047047 052048 047048 050054 049049 051053 050050 050055 052052 055054 046052 046052 049048 050052 048055 051046 051052 051049 053051 050050 055051 051055 047048 052049 052051 047051 054046 051046 054055 053053 046046 054054 052048
i369, 047047 047050 048050 054054 050050 052048 050049 053052 049051 050049 050046 055050 055048 050046 047048 055050 048055 046055 046046 049055 049053 051052 051054 048048 047049 048048 050050 054049 054055 047055 050050 055050 052050 053052 054048 054052 055050 047051 053054 047046 046049 054053 053054 049053 046047 053055 052053 052050 052052 054047 053053 051049 049050 055047 046046 046048 047047 049055 053048 055055 047047 054046 055046 052055 054047 055046 050054 051049 051055 052049 052055 047049 050053 054048 054051 050046 055051 050046 047054 048053 054051 051048 054048 055051 046050 047054 053047 048048 055055 054053 047052 051051 050047 047052 052048 051046 053046 052048 054055 052051
i707, 047053 048052 046050 050050 055050 053054 047048 049046 051050 050054 046050 052049 050055 050046 047055 055050 047048 055051 046052 053051 052053 052051 047047 048048 053051 048052 051051 047050 048053 055047 050055 053053 046052 052047 048055 049046 046054 049049 046055 055046 049046 046046 053052 049047 048046 054055 054049 046055 053046 048046 052052 046049 050051 055052 052047 054046 050047 053055 053048 046047 051047 052054 049054 052051 048051 051052 050052 054048 055051 052046 049047 046052 048046 048051 050051 047053 047053 046050 054049 047053 050055 054051 048050 055050 049050 053049 052047 046047 055055 048046 047047 047053 047047 055054 051048 047054 053046 048048 055052 048055
i284, 047047 047048 050047 053055 050055 054051 049048 049051 055049 052054 051053 055053 050055 046052 049046 048055 055049 046052 049046 051053 052054 051046 054046 053048 054047 052055 048048 049052 053053 047049 046050 054047 053046 053052 055055 049055 055054 047047 052053 046055 046049 049052 053053 051046 046047 049050 054048 046054 047047 051050 054055 047051 050046 047047 052055 052046 047051 049049 048054 054055 052052 048052 051055 052055 054050 051049 050050 051054 052055 047050 052049 047050 048054 055048 046055 052053 046047 050048 054054 046054 048047 055046 051050 051050 046054 053053 047046 053054 047055 046048 055047 046051 054055 051052 055052 053054 048047 053049 055054 055048
i186, 055050 050047 054047 050054 050055 050054 055049 047051 050049 047049 054053 049049 055055 052051 049048 048055 050055 046051 055055 050046 048054 050054 054047 048048 048051 052048 050051 051055 052051 049055 052050 049053 046046 053048 050048 055054 053049 046054 051052 046046 049050 046052 054054 051054 046046 054052 055051 046046 052048 050055 053052 049052 050054 051053 046053 053052 047047 047047 050046 055053 052052 054054 054054 054052 050046 051050 050046 054055 048046 049054 049049 050050 055051 050049 046051 046047 049054 046049 047055 053054 052048 055048 051047 050050 053054 046051 055047 054054 048050 052054 053047 049048 050050 055052 055051 055054 048054 052049 048054 054052
i120, 047047 048048 050050 050050 048047 047053 054050 046053 049048 054051 054046 053050 048049 046050 048046 055048 052055 053048 046053 055053 053053 055049 046050 048055 047051 048053 050054 048049 054048 049047 054050 053047 052046 052055 053048 055048 046055 049047 048052 047049 049052 051052 054054 055055 048048 054053 052048 054054 047055 046050 053054 046055 046054 051047 051051 052051 055050 046048 051046 053046 049052 052054 051055 054054 047046 046051 046052 054051 050050 046052 054052 052055 055053 049054 051048 047053 054052 053051 055054 047054 049046 047047 050048 055046 054047 051053 050047 053049 055051 054055 055055 052046 047048 054050 053048 052055 053048 053049 055046 052052
i6, 046050 053049 047047 050054 046048 048050 049046 051052 049051 046047 053053 048053 055049 046050 046048 048047 048055 051047 049053 053055 054046 047051 046051 048051 051050 051048 051048 049050 047053 053055 051053 051046 046046 054048 047050 055052 055052 047054 051053 047046 049053 046049 054054 053054 049047 055055 055054 046047 055052 048048 055052 052055 054046 046054 046047 048052 051047 047050 050053 047054 052048 054047 055048 051052 051046 050050 052055 049047 055054 051052 049046 047046 053054 048048 055047 053046 047046 049052 047054 048053 050052 052047 051047 052046 049049 046051 046047 053047 052051 054054 046052 046052 047048 053053 053050 054055 051053 049053 055049 051048
i180, 050047 053048 050052 050055 050050 054051 051049 046052 051051 047051 050046 055050 055048 052053 047053 048050 054053 051052 055046 051050 053054 055055 046051 051049 053047 052048 048047 053054 052051 054054 050054 053047 052046 052052 048050 054055 049051 054054 051053 049054 048053 054049 053052 055047 050046 050054 046046 048050 048048 051051 054052 047050 055046 054052 052055 052048 047051 049047 048046 050054 047052 052052 055051 052048 051050 050051 049052 047055 050054 049048 049051 049053 048054 051048 046054 055046 049055 052047 054049 053055 052054 046054 046054 055054 052054 051053 050047 054046 046047 054055 049049 052046 047047 050046 046046 055048 053053 054051 048054 048050
i235, 048050 049053 050054 048050 048050 051051 049054 053053 051050 051047 053053 055051 048055 047047 046049 051050 047055 046047 052055 051048 055051 052051 052049 053054 051047 052052 049046 049050 053055 047053 055055 051049 046049 052052 052047 054053 055047 053054 051053 055047 046046 052052 053054 051055 049047 055055 054051 050046 048052 050048 055054 055055 050054 047047 052046 051048 055055 053049 053048 046046 052054 046054 051055 053054 048046 052052 054052 051049 048052 046046 052046 047047 046054 051049 048055 052052 046055 046047 047046 048053 050046 048049 050051 047055 051047 049046 049047 049046 055046 047054 049047 048051 046048 052050 053055 054054 053053 048054 046046 055048
i616, 046055 048051 050047 050050 050050 053050 052053 051052 048051 049046 053051 055050 055055 051050 055046 047055 048055 052051 046053 051051 054054 051055 047051 048048 047048 048051 052050 053049 053047 054054 046051 053053 046047 053053 053048 055054 048055 047046 050046 050054 049049 046046 054054 055055 046047 054054 054053 046050 055052 046054 053048 050055 046053 047052 046055 054052 051051 047047 048047 050053 052049 050052 050048 052052 048053 050047 050052 054051 047048 046051 046046 049050 055054 051049 046051 055049 054051 046051 054049 049053 050055 051048 051047 046055 050051 051049 052054 046051 046055 052047 047055 051053 048053 053047 051054 054055 055046 051046 051048 050052
i543, 052048 048054 047054 054050 050051 053054 047050 051054 053049 051047 054053 046049 048055 046052 055050 051051 049051 051051 053049 051054 054054 051053 051050 048050 048054 048051 051050 054052 048054 048055 051047 049051 046052 055047 048048 053055 048049 054048 048052 047055 050046 051054 055052 053050 048046 049054 048051 054047 050055 050046 049050 055049 046050 055053 051046 052046 051050 053052 048050 050046 047047 048054 053047 052052 051047 051048 049054 046054 048048 049048 052052 053046 048048 054049 050048 047052 046055 051046 054047 055053 055052 047051 047049 051046 048049 049049 047053 053046 055055 054046 047055 052048 046055 048046 052048 054055 053049 048054 046055 051048
i654, 047046 047050 054052 050055 051046 046050 049047 049052 049055 047052 046046 055050 051049 048051 049046 053050 047055 051047 052053 051050 054049 055054 054054 049049 051051 048051 052048 052053 053053 047049 054053 048053 046050 052051 053055 054049 055052 047047 053051 053053 046048 052049 053053 053051 054046 049054 053049 050046 055048 048050 054048 046047 046049 052055 051049 054048 055046 053050 047053 047054 049049 054047 054055 051052 055050 051050 049049 055054 046048 046050 049055 051055 050053 049054 050049 051049 054054 049050 047054 048049 053047 054048 050048 047055 049050 046053 047047 053048 051055 047046 055049 046046 048051 053050 050055 054055 047053 049053 055054 048051
i720, 047055 048047 050050 053050 046046 048050 050046 051052 055055 052047 053053 052051 048055 046048 055055 048051 051053 051048 052046 051054 054052 051055 050051 054055 048047 048046 053054 053052 053053 048053 050054 052049 049046 053054 048048 055046 055051 047051 052052 055049 052049 052046 052054 055051 048047 053054 047047 047052 050052 051049 055054 047055 050049 052055 049051 053046 055051 053055 054048 055051 049049 047046 051051 051051 046055 046050 049054 048047 050052 047049 052051 049050 053051 049049 046053 046054 055055 053050 052054 049048 048048 054053 048051 046055 049053 051051 047046 054046 047055 046047 053050 046046 055050 046053 046052 055054 048053 051054 049055 052048
i105, 048055 050050 050047 054049 055055 050050 049052 046050 049052 051047 053050 055055 052055 046053 047055 047050 049050 047052 052052 048051 054054 055051 050052 048053 053047 048048 050046 048053 050053 049053 046051 050053 046046 054054 055053 049054 055052 046047 053055 053049 049049 046052 054053 051051 053046 046054 052054 046046 047052 048048 053053 050050 050054 052047 055047 051046 048047 047055 053054 053046 050052 052054 047054 052052 046049 046053 049051 047050 046048 048047 052049 055052 049048 054051 047051 053055 047055 055049 049046 047049 049050 046051 050050 047046 049055 051053 047053 048048 046055 047047 055047 050055 053047 052046 048048 054054 046051 053055 051048 051051
i370, 051050 048052 050054 054052 051050 050054 050047 050051 049051 047051 047053 053053 050055 052047 049053 051053 052048 053048 047053 048051 051054 054050 055046 050046 048048 046046 050049 050054 053048 047053 054053 049048 052050 046053 047047 052054 054048 054054 051047 047047 049048 049052 046052 055052 048047 054053 048051 046050 048052 048048 049051 046051 050050 046051 051046 050054 051047 055055 053046 055054 048047 052054 051051 053052 049047 054050 054049 054049 052048 048046 055049 050046 048055 046051 051051 052046 052046 049051 047054 049054 047050 048051 051048 055051 053049 049051 047049 046053 046052 054054 055055 052052 053046 054050 048049 052054 048048 050053 052046 048048
i770, 047047 048049 047050 052050 054046 053055 047049 050051 049051 049047 053046 055053 051051 052050 053055 050048 055055 052048 053052 051050 046054 055048 051054 049051 049051 048048 048046 053049 051048 052053 050050 049047 050046 048048 048053 054047 055053 048047 051051 047046 049049 052046 054046 055055 046048 049049 047049 046050 055055 052055 052050 055046 046050 050055 046051 055055 050047 054048 054050 053048 047052 048054 054051 053053 046051 046055 052052 054049 050050 054046 049050 050052 054046 048048 046050 051055 052049 050053 046047 048047 052051 052047 047051 051051 047049 053047 047047 048046 050046 047052 055046 046051 055048 051050 051054 055054 047050 052054 049054 050050
i372, 053055 054055 050052 049049 051050 053048 046049 051053 048050 049046 054046 053054 051049 046050 055046 055047 048053 051051 052052 050051 053054 051054 054052 049048 046047 048048 051052 054053 047047 052049 049049 047051 050046 055047 055047 049055 055055 046047 051055 053047 053052 052052 052046 048051 046048 047049 047054 047053 050051 046052 049050 055052 054050 051052 051049 054050 050047 055047 054050 055055 052052 048048 054047 051054 051047 052051 054052 047049 046048 046046 046055 052054 055055 054054 051048 053053 048053 055046 054054 047048 052048 055053 051047 055047 051049 051049 047047 055054 051050 047046 046055 047046 050046 050048 051052 055054 053052 055049 048048 049050
i600, 047052 053048 047050 048048 055050 053047 047054 051055 051048 054051 051053 053052 049053 052046 050049 051046 054054 053053 051052 051051 054054 053053 053047 051048 051051 050052 051050 049053 046053 053049 050052 051047 052046 054046 055047 047050 054055 046054 053051 049046 054046 047049 054047 055048 047050 054049 046054 046050 055053 052052 055049 051055 046050 054047 051051 046052 047048 050047 053046 047048 047052 048053 054055 051052 051050 052047 049052 048047 046048 046047 055049 049052 050054 048051 054050 053047 053047 051051 054046 053047 046052 051051 051054 051046 053050 052051 047047 054046 055050 047054 055049 047055 048050 052054 051053 055053 052051 049051 049051 052050
i190, 048055 048047 050046 054054 047055 048047 046048 051053 051051 054054 051053 055054 054050 052048 049046 051051 046055 048051 046046 049048 054054 054054 047054 054052 051048 047048 055051 050050 054047 049049 050050 050047 046046 052053 048055 050049 046046 047054 052055 047046 048049 046055 052052 051055 048049 047054 049047 046049 047051 051048 054055 051055 047046 055055 049052 054048 050048 049050 047048 046053 047049 054046 054050 051052 047048 052046 046052 048052 055046 052046 049052 049049 053053 048055 051051 052051 054055 047050 054049 048055 048049 048054 051051 050055 055049 051053 047053 048046 047047 047048 055052 046046 055051 052050 046051 054054 046050 048051 049049 048050
i779, 052054 050047 054052 050050 046055 054050 047047 052049 049049 049051 047053 055055 050055 055050 049047 051050 048049 046048 053046 048053 054054 052052 049051 048054 047047 055048 051051 047053 049053 053053 055052 048047 046046 055054 053051 047055 049055 046047 052052 053055 052049 054049 046053 055053 047048 048054 046049 047054 050053 046049 049050 051051 054051 052046 055046 046052 047055 048048 054054 054048 047049 054052 047054 052051 048047 047052 048047 048055 054050 047049 046051 049054 048046 054051 049049 053051 046046 050051 055054 053051 048052 051048 048051 052055 049053 049051 047047 054053 046050 046054 046047 046046 051055 048052 051048 054050 053054 048049 055048 048051
i731, 047051 049046 050054 050052 048046 052046 053050 055046 055055 050047 051053 050051 055055 055052 047050 051051 048053 051047 055049 055051 054054 055048 049046 053051 054051 048048 051050 049053 054048 053055 050050 051047 052046 052048 053050 048054 048055 054055 051051 047049 052046 054046 052053 055055 046047 049049 049054 046046 047052 048051 054053 046052 050046 052052 048046 046048 051051 055048 053046 055047 052047 051052 046049 052052 053051 050046 052051 048051 048050 052046 046051 046050 055053 054048 055048 047052 054046 052049 046049 049053 052050 051046 050046 055047 047050 053049 048054 046047 051055 054052 050047 051050 051053 052052 053050 055051 053050 048048 054054 052047
i393, 054046 052050 046054 049054 050055 048054 047049 051050 055051 049046 046053 048052 049055 050050 047048 055055 049052 051051 053046 051046 054046 047055 055054 050048 051051 046052 052051 053054 049051 054051 054054 051055 046046 055047 047054 052055 054054 055049 055051 049055 049046 049049 052052 051051 046046 054048 048049 046047 051048 048046 051052 050055 050050 055046 052046 048055 051047 047055 048053 047050 047047 052054 054054 055052 050046 046050 047049 051051 054054 046048 053046 053052 053053 049048 055049 051049 046049 049050 046049 047053 048047 055046 047049 050050 055046 051046 047047 048054 047050 046049 055047 046053 051047 053053 052052 047054 051052 048051 049052 050051
i107, 052047 048049 054046 054054 051055 051046 048049 053046 047053 046052 054053 053050 051055 048046 049046 051047 050052 048051 053055 046054 047050 050054 047047 050051 054051 052052 050055 048047 053047 049054 053053 053047 046050 053053 048055 054055 051055 049047 051046 055049 046048 049054 053053 055052 046046 049053 054054 052053 055055 048054 049053 050055 049050 052046 051055 055046 048047 055053 054046 046051 049052 048052 046046 052052 050051 046047 049048 049048 055055 049049 055046 049049 054054 048048 050051 052052 054055 053050 054049 051048 047049 051055 047051 053046 051053 046051 049047 048050 055046 053054 052050 055051 046046 054052 055048 049054 048053 048048 054046 047050
i693, 054052 049049 050054 053050 047046 055047 052055 051049 048051 051047 053046 050053 055055 047051 048047 051050 053054 052047 052052 053046 053054 055046 047054 048051 051051 052052 051048 050046 047052 047047 054049 047053 050046 052054 048048 055053 052047 047047 055048 047051 048051 052052 047054 055053 046048 049054 046047 046052 054048 048046 051051 051046 050049 055055 046052 047051 048048 047050 053047 048051 048047 049054 049050 051052 051051 051052 052048 049051 052052 047051 046049 046052 055053 048051 051051 046051 053046 049052 047050 048053 052052 048051 051055 055048 051053 049049 047049 052054 055051 051054 055047 051046 046051 054050 046055 055046 053052 048050 054055 055051
i679, 046050 047050 054054 054050 047046 046049 050050 047047 050050 046051 053055 052053 049055 051048 048049 053055 048048 051049 053046 053051 054050 053055 049050 048048 051051 048052 052051 050047 051048 048049 050051 055047 050049 051048 050048 048046 049046 046048 051046 046049 053048 046049 054054 049051 047049 047050 052046 053046 048053 048050 050054 050055 050047 052050 055055 048046 047048 047053 054050 050050 047050 048054 054054 051052 053046 052048 049049 049050 052048 050055 053049 049047 047055 050048 051050 053052 049054 053051 055046 048053 052049 053051 055054 046050 051049 053053 047047 048049 055048 047054 049049 052048 053047 053054 051046 055049 052052 051048 052054 055050
i357, 054054 047053 050050 054050 050046 053046 047054 046049 049055 055049 054055 050055 055051 050047 048049 051049 048053 055047 046047 054053 054054 052054 051053 051048 047047 051051 046050 048048 052053 049047 050054 055053 046047 055054 051048 055049 051055 046055 052052 049047 048053 052054 054047 055052 049046 049054 055049 053047 051052 046050 049054 055050 050052 047047 054048 048046 055055 054050 048048 046055 047052 048048 054054 055052 050051 053046 049049 055046 054050 052046 055048 052049 050051 048047 055055 053052 046048 053050 055054 054048 046053 048051 051048 052051 052049 055051 047049 046046 055055 046054 055047 055050 050051 050052 048051 054047 055053 054052 054054 052052
i40, 053050 053053 054050 050054 050050 055050 047049 051051 051049 049049 050054 048053 055049 052052 055055 055051 047055 053055 053052 048053 053050 051051 054054 048048 048047 048052 048051 052053 054047 055047 053053 047055 052046 047055 054046 052049 055055 053046 051052 049047 049049 052052 053053 055051 049046 055054 051048 046054 052055 051052 049055 046051 046046 047047 048053 054046 050048 047050 053050 050046 052047 055047 055046 052052 051048 048047 052048 052053 048054 047050 049052 049047 055055 051054 050050 051053 055047 052047 055054 051049 053049 048052 048051 052050 049053 051051 050050 051046 046046 047052 055053 055046 050046 054054 051051 047054 053053 051051 052049 049048
i418, 052046 055051 054050 050053 050053 048052 047052 054051 055051 046051 053053 050053 055054 046052 046050 047050 055055 048053 049053 054048 051052 051051 049054 048051 051051 048048 051055 049050 047046 055051 050046 047048 046052 053053 048053 054049 055052 051047 052051 051047 048053 049049 053050 051050 048046 053054 054049 046046 055048 048055 046047 047051 050046 047046 052046 052048 055047 049053 048048 055047 047047 048052 046048 048053 051046 046050 052050 054048 055048 046052 046053 050052 053048 049049 049048 053047 052049 055050 054054 053048 047048 046048 049047 055054 054050 053047 050046 046049 055047 047053 052047 046047 055048 053050 053048 054052 046046 050046 046054 051052
i229, 055052 052048 052047 050050 050046 054051 051047 052046 049049 051051 050053 053053 055050 053046 048053 049050 048047 052049 053053 051051 054054 054052 054046 048051 051048 052053 055052 049047 053054 055055 046053 046048 046055 053047 051051 049052 049055 054047 048052 046053 046049 054053 054046 054055 049048 047053 053049 047046 052055 051048 055054 046052 054050 047046 051051 048046 051047 050052 048054 054053 052049 047048 054049 052053 050047 051053 052054 051046 050046 046047 052050 050051 053054 049048 054049 046051 047046 051054 054054 054051 052049 051046 051051 050047 047055 048055 049049 052054 051046 052053 047050 046053 051055 054049 046051 054047 053053 048046 049048 051049
i378, 047047 052050 053048 055052 052047 054050 049050 051052 049050 049049 050049 053055 052048 052052 046050 047051 047055 048051 046052 050051 053052 054051 047054 048054 051053 051051 055050 047050 047054 053049 049050 047047 052046 052055 048050 054055 053055 046055 053051 046047 052046 052046 053053 050055 048049 049053 053054 047046 052048 052048 051055 049053 055046 050046 051047 051052 055048 048055 053048 055054 052047 054047 046055 055048 052052 047055 046050 054055 047047 049048 046046 052047 049055 049055 055047 049051 051052 051052 047047 049047 052048 055048 049052 048050 049049 055049 050047 046047 054047 046046 055055 046053 046051 053047 046048 053055 048051 054051 055055 048050
i51, 048047 049048 050049 049050 052050 055051 048049 053051 050050 049052 052053 048055 055050 047050 049049 055046 054053 051048 053053 051050 054053 055052 053047 050048 048047 052048 048051 046055 051047 049049 053050 054053 046046 048052 048051 054054 055055 047051 055052 053046 053046 046054 052054 053055 047047 053053 055052 046052 052055 048047 049055 055046 054050 050047 047046 046054 055051 048048 053048 046054 052050 048054 051047 054055 050053 052054 049052 051047 050049 046050 054053 049049 053046 051049 051052 051053 046055 051052 047047 049049 052053 052054 054051 052052 047055 051051 047047 047048 054046 054054 047047 049052 051055 050052 053046 054054 053052 048049 055046 048055
i269, 048047 055047 047054 050054 051055 053050 048049 053049 051051 054047 046053 053055 049049 052052 046047 055051 053053 054046 053046 054053 053054 051052 049047 048051 051051 051052 054048 050047 047052 055048 053050 053046 052046 047053 053048 052053 054055 054047 052046 046053 053050 046054 054054 055055 046048 047053 052054 049053 052050 048050 051055 046051 050054 046047 051047 046052 050050 049047 051053 050053 047052 048052 055054 052054 046048 046046 052049 053054 050048 047049 052046 052053 055048 047049 046050 046047 052049 050052 054052 054054 048052 052052 050050 055055 049046 051055 047047 046052 051047 047046 047050 046046 048055 055055 051048 052054 053048 048048 054049 053052
i293, 047046 050049 050052 048055 051051 051050 050053 051049 049049 047047 050053 050055 049049 047050 046050 055047 055052 051051 053051 051055 053054 054047 050053 051053 048051 048052 046048 052052 052049 047053 050050 053053 052050 054052 048047 054054 052055 055054 046052 054046 052049 052046 054055 054053 047049 048046 052051 048046 048048 048050 048052 050051 050049 055055 052046 048046 047048 055055 054053 047046 055047 047052 050050 051052 050050 051048 048052 048051 047049 047047 054046 047049 053053 048051 049048 053052 054046 050053 054047 048047 052046 050048 049051 047050 046049 053055 053055 054046 046053 054046 055055 051046 051047 054053 055051 055055 048053 052048 054055 051047
i245, 047046 053049 054054 054054 050050 052046 054047 046049 051055 047046 055051 053048 055048 053046 048049 055050 047049 051052 055052 050053 054054 051051 047046 054049 047051 048053 046046 054047 050052 047055 050050 053049 046046 052053 053048 053054 055055 055046 047054 055047 046046 046046 052052 055052 049046 049048 052054 046055 055052 051046 051051 053046 054046 048050 047046 052052 051055 053050 047050 053047 052052 048053 049054 052053 048048 051054 050050 048051 051048 046046 046047 047046 051055 052046 055047 055052 055052 055054 054054 048053 052053 048048 049049 046052 050055 047053 047047 048054 046050 051053 055047 051046 047051 053055 052046 054055 055046 053048 054054 052052
i609, 048052 051049 052050 050046 047050 050048 047046 049049 049050 055054 054053 048053 055050 053052 046049 047055 051048 055046 055048 053046 054054 051053 047050 049049 051050 053046 051050 053049 047053 055049 050050 053047 046046 048055 047047 052055 051055 054054 046051 046046 048048 054049 053053 053055 048046 049052 052054 053046 052048 046050 054046 052052 046050 046055 054055 046054 047047 047047 053050 055051 049049 052052 051046 052053 046051 051051 050049 047052 048050 046049 052052 049047 048055 054048 055051 046048 055049 052055 054054 054055 049053 054048 050051 050051 053050 046053 052054 053053 051050 054047 047049 051053 052053 053053 052055 046055 052049 048052 049052 052052
i103, 047047 052048 046052 054046 050053 055050 050047 052051 055050 047054 052051 047053 055048 046050 047046 051051 055053 048053 050046 049053 050054 051051 049047 048048 048051 052046 050055 050049 047048 053055 053050 047053 051046 047052 053051 055048 049055 047047 046048 053047 049046 052046 047047 051055 046047 055049 054048 046046 048048 051046 053049 046051 046046 052055 049055 048048 049055 047049 053053 055052 052052 052047 046050 051054 048049 046046 049050 054048 055046 047047 052055 055050 054055 049048 050050 053051 054054 047050 054052 048055 047047 055052 051050 054052 047048 047051 050047 048051 055051 047054 046055 052047 048047 055050 053055 053054 048047 054055 046055 051051
i21, 047048 049053 050047 054054 050050 054049 049052 051046 049055 047049 050046 050052 051055 052053 055047 050048 054052 047051 053053 049051 054053 048053 055051 048051 051053 048052 055051 047050 051053 047053 051053 053047 053050 047048 055055 053052 054055 048051 051052 047053 049046 052046 054054 055052 047048 050054 055051 046048 050055 050046 052054 050048 049050 047052 051047 055046 050047 053052 054050 046055 052052 055049 048054 052052 051052 049051 052049 054049 048050 046047 055053 055046 052049 049054 050051 053050 055051 052051 046054 054055 052054 054052 051052 046055 046053 049049 053050 054051 052051 050047 054055 048051 050046 053048 054050 050054 048047 048048 051046 052048
i745, 052053 055053 050050 049050 050047 048046 050050 046051 055049 054052 054055 055050 049055 050050 051047 047047 055055 051048 052055 053055 054054 052055 050054 048054 048051 052052 054051 049049 047048 049053 054053 054050 046047 047053 048047 055047 050051 049054 051052 047051 052053 046046 054052 051055 048046 055055 051051 053048 047055 048046 049052 046051 047052 052046 053052 052052 053055 053055 054048 055055 052052 047053 051054 052052 051050 050052 052050 049055 055052 047052 052046 046052 053050 046051 049051 055047 055052 050050 049047 049048 048054 051052 052049 051055 049055 051055 049053 054054 046053 053054 055054 053048 046050 054054 046046 054055 053048 055046 048046 048052
i19, 047047 047049 052050 046050 048046 050054 055047 046050 049050 046055 050053 052053 051055 049046 055050 051055 053048 046051 050055 050051 053051 053053 051049 048052 051047 052048 051055 049051 053053 049049 053052 047047 046050 046055 048053 055046 046054 055046 050053 049054 046051 046046 054052 052054 048053 049054 052054 050053 055055 054052 051052 055055 046050 052047 052051 053048 052053 047052 050046 047048 052052 049048 049047 052053 049049 050053 049055 051049 048047 047052 054052 049049 054046 046048 049051 052046 049047 046051 046046 047053 049052 054051 048049 047052 049050 047053 047055 047053 047051 053046 047054 050051 048053 054050 053046 054054 046053 051055 055052 049050
i155, 047055 049048 054050 054050 050046 055046 047049 052051 049051 049054 046050 049050 055055 052050 050047 048050 048055 051052 053055 053053 054055 053051 051052 048052 048048 052048 053054 052047 046047 047055 051050 053053 046052 053053 048054 054048 055048 046047 046054 053047 049053 052052 051054 054055 046048 055055 055048 047047 047048 048050 052052 049051 050050 047055 046052 055046 052053 053053 053046 055051 049046 049052 047051 052052 047047 051054 052052 054054 048055 052046 049049 050049 055053 049049 048046 046047 051047 052050 047054 053048 046046 052051 054052 053052 048050 052047 050052 054046 046055 050054 046047 052046 046046 050052 048051 055054 046053 049050 054054 049052
i47, 052051 048048 054054 052054 048046 051048 050048 052051 048050 051049 053053 055046 048055 047046 053049 047050 055055 047051 051046 051048 054053 052054 051047 049054 048051 048055 052052 050049 048049 047047 050050 047053 049052 055053 055053 052054 055053 055055 050052 047046 046049 052049 053052 055051 049046 048047 055047 050052 048048 046051 053046 053049 049046 055053 051046 048055 055055 052049 054053 047055 052052 052054 051050 054052 048050 054054 049050 051049 048046 046046 053052 049055 054053 048048 047051 047055 047047 053052 046054 049051 047047 055054 050051 051050 053049 051053 048047 054052 051055 053052 047047 048053 051047 054055 046053 054054 047052 051049 055048 048052
i217, 048046 050049 055050 050055 046050 046050 047050 053047 051049 054054 053055 048050 055051 048046 046049 051053 054048 046051 053052 050050 054053 051046 047049 055049 047048 048052 052052 049048 047055 055049 053050 055053 052046 054047 054048 047055 054050 055047 055052 052047 052048 049053 054054 053055 047046 049049 048055 046050 055047 050046 052052 046051 050054 047048 054051 048048 048055 050050 046050 051052 047047 054055 049046 051051 046049 050051 052051 055054 050054 049052 052049 047049 053046 048054 049051 052046 055052 052052 054047 048054 052052 054048 048049 055055 055055 047053 050047 054053 055048 046046 053052 051048 047053 048053 046051 046055 053048 051053 046049 051050
i263, 048046 049047 046047 054050 046046 051049 052053 055052 050049 047051 053053 055048 055048 050046 049046 050055 053053 053048 053046 046053 054054 049051 049054 048050 051051 052048 051052 053052 053053 055049 050054 050049 047046 052051 046053 054052 054054 047048 046046 053046 046052 052052 054054 051054 047046 054049 054046 054053 048055 046050 052052 052053 046054 052055 047046 046050 055047 047047 054048 047050 050047 047054 046046 052052 053047 046049 052050 048054 050048 047054 046046 053049 053048 054054 051049 053049 053054 046046 049055 048053 052050 052054 048051 055050 052048 046047 047047 048046 055055 053052 053047 053051 047051 046048 046052 054055 046046 054051 046049 047052
i656, 055047 047047 050050 050052 051050 051054 047049 046050 049050 050047 046053 050050 047051 046052 047051 051055 055055 053051 052052 050051 050054 051052 053051 055050 047047 048048 050050 049046 047053 047053 050050 053051 050046 048052 055048 051055 051048 055046 051052 055049 049046 053049 054054 046051 047048 055054 054051 050049 055048 051051 050053 051055 049049 050046 046046 055052 053046 053048 048053 050047 052052 053048 049055 055055 047052 050047 049050 049053 046050 048046 055055 055047 048053 049055 046054 053055 049054 053052 054046 048049 054052 052055 051052 050050 050052 053053 047047 051053 052051 053047 055049 051052 048055 046046 053048 050054 050051 048048 054055 048053
i92, 048054 050052 050054 050053 051046 050055 049048 051051 049049 047047 053054 055055 049055 050046 051049 051055 047048 051046 046055 048048 054054 052051 054049 050049 053051 048052 054052 048051 053047 047049 054050 047051 050050 052047 051053 055049 055054 050046 051052 047046 051054 046046 055046 051055 050049 047053 051054 048046 048047 054054 047050 050046 050050 055055 053051 046054 047052 055051 048053 054050 052052 053049 054055 055052 050049 052052 052052 047049 048054 052052 055052 046049 053055 048049 049051 051051 049046 047046 055054 047053 052051 052055 051051 047055 053053 049053 046050 054054 050047 046052 046047 052051 046051 054050 053050 054054 049053 050052 054049 055051
i521, 055052 053049 050054 053050 050055 054052 053046 049053 048047 046049 053047 048055 055055 046050 050048 051047 055055 046047 051050 053051 053046 051055 047050 048049 051051 048048 050055 053047 049053 055047 053053 055053 051046 055047 051047 055046 052046 046055 046050 047047 046053 052046 052054 049049 047049 053046 054055 053047 048048 048048 048053 052053 054047 047051 049046 054046 055048 047055 050048 047046 047052 054055 054047 051054 047051 049047 049052 051054 046054 050046 052052 047053 055053 046048 046048 047051 047054 055049 052054 049048 051049 053055 050055 055051 046051 047049 055047 054054 055051 054053 052055 052054 047051 054055 051052 049054 046053 049051 055055 051055
i266, 047053 053049 054054 053054 051050 050051 054049 051055 055047 054049 048046 048053 055050 050051 048049 047051 047053 048051 055046 051048 052050 051050 049049 050048 051051 053052 050048 047049 053053 049054 050046 047055 047046 047047 048048 053052 053053 046046 048053 054047 046049 054052 046053 055055 046049 048053 054046 055050 051055 048048 051046 050055 055054 052047 051046 054054 049050 047052 048054 046048 049047 049048 049049 052052 049050 051051 048049 048050 055055 047050 052052 050050 046046 046055 055055 053048 046054 051051 054046 048053 054047 055051 048049 051052 055050 053049 047050 053054 055053 053054 055054 051052 046046 048052 053053 054054 046048 054055 046055 048048
