point 1
gen 0
lala land
l80
l68
l73
l94
l33
l36
l14
l89
l35
l8
l93
l72
l31
l88
l20
l67
l76
l44
l99
l97
l75
l22
l61
l13
l7
l65
l41
l32
l69
l21
l11
l92
l52
l29
l0
l24
l38
l81
l60
l71
l48
l96
l19
l90
l59
l74
l28
l66
l37
l91
l58
l3
l50
l56
l34
l82
l15
l64
l26
l47
l85
l49
l86
l77
l16
l12
l54
l43
l46
l9
l18
l6
l30
l23
l25
l79
l51
l57
l63
l42
l84
l2
l87
l62
l53
l40
l39
l98
l5
l55
l17
l45
l78
l4
l27
l83
l95
l10
l1
l70
Pop
i802, 047047 054052 055051 051048 055050 049052 046049 052054 054055 055054 053050 048050 055054 047049 048049 048054 052052 054054 046054 053053 046053 046053 048046 046046 055055 048051 046049 048046 046049 054046 049049 055054 052053 049047 050054 048053 050050 055055 055053 052050 049051 049049 051046 053053 055055 046055 046046 050046 050051 053055 049051 052046 054051 054053 049051 055052 048047 050048 054050 049049 051047 049050 052047 050052 052051 052055 049052 054052 052053 050053 049049 047050 049048 051053 048053 052046 052055 047046 052047 049051 049055 051055 052052 047048 054051 048047 054050 051047 047051 050046 047046 047047 049047 054055 051051 051050 054051 046048 046052 049052
i111, 046048 050050 052055 047047 052050 051052 048053 054046 048049 055050 054054 046048 047055 050049 052052 051054 053052 054054 054050 047048 054046 049054 054054 050047 055053 048053 046051 051050 049050 051050 050053 047047 049050 048047 052054 052054 050049 048050 055048 055047 050049 048053 053051 052048 050055 055047 046052 052047 048052 053046 054049 049051 053048 052049 050047 055048 048047 049051 048053 052047 054052 054049 047054 048047 047046 048047 050054 053052 050053 048048 046046 048054 053048 053052 050054 047050 050055 046050 052052 052049 049054 050046 048048 052052 052052 055050 051048 051049 048048 052051 052050 046048 049050 052051 050051 050050 046053 048046 050050 052055
i573, 047055 055050 049049 048054 047055 051049 052055 046046 055048 052050 052048 052046 049053 046046 054048 052054 052048 054048 054048 055048 048047 050048 048046 054053 055055 050053 049049 048051 046049 046049 050049 054049 050050 047049 052054 054054 049051 050054 048055 046055 052048 048048 053051 048053 055050 047053 052049 053046 050050 055049 047054 054046 053046 050050 051051 050046 048051 046055 052049 048052 048054 054048 053055 050055 051051 046050 051055 052053 047046 055052 048053 050050 049051 055051 050048 050046 052055 046046 047054 054054 054049 051050 051048 055052 052049 052048 051048 047047 047048 053051 054052 054047 049052 055050 054050 049050 053050 049055 050051 046050
i456, 055050 049054 054055 048047 050052 048049 052049 051046 053049 049047 055047 046047 053055 051046 049054 048051 054048 054048 050055 048054 050046 047047 054054 047049 055048 047050 049046 053051 048052 048053 054050 053053 050050 048049 054046 051053 047050 052049 051055 055046 055051 049055 050051 048047 050053 046046 052048 046046 052052 053053 051055 046046 053049 052053 053048 055050 051050 052047 048048 054048 052054 049048 054047 051055 046049 048048 049048 054051 053055 049051 054053 049047 047053 053047 054050 047047 051054 046053 048052 051048 048055 047051 048055 052054 053054 047049 053053 051051 055046 050054 051047 047052 049047 055047 048049 052055 050050 049055 052052 049047
i553, 047052 054050 052048 048048 050053 052049 052049 053052 047049 054050 050047 048047 055051 047048 049051 049048 054052 054050 054046 052053 051050 048049 052047 054046 052052 053048 049049 050047 055046 046046 054049 054050 051049 048049 054046 054054 046050 049055 048050 055055 052053 048049 049049 052048 055050 048046 053055 053053 052046 048055 052051 046047 055048 050051 055052 054055 048048 046054 049046 049050 048054 048048 054054 055047 051051 050046 046055 052055 049046 052050 049054 054050 050049 055053 050050 052047 055047 050054 046046 048051 049051 055050 055051 047046 050048 055052 055051 054052 047047 054055 051050 048047 051051 051052 051050 054054 048055 052053 047054 054052
i680, 052048 054052 047046 046050 054050 049049 055055 046054 049049 055054 049047 047048 053048 049046 049049 049047 052046 050054 046047 055055 047052 054046 048047 049047 048055 050047 046046 051048 046046 050051 048049 055050 052054 052048 051054 049051 050052 048054 048053 055052 049049 049049 053050 053047 052050 052048 052054 048055 052052 055048 055052 050049 053054 052050 055055 050055 054048 047046 051055 053046 047053 054048 054054 055051 049055 048048 051053 048054 055051 053052 052047 046054 049047 053051 054053 050052 047047 053051 046047 048051 046055 046051 048051 055050 048052 055048 052049 049051 046047 055046 051050 048048 046049 054055 048048 050052 053050 052046 054053 047052
i727, 048047 054050 055055 048046 050050 051049 047052 051053 054049 050051 052052 047053 054048 051046 052054 051049 054054 051048 046050 053055 053046 049054 047046 053050 046055 048053 051051 050048 046053 055046 049047 054048 052052 046053 054051 051052 047050 051050 052052 048055 049053 047047 048051 055053 055055 046050 046051 046047 052052 055049 050048 046055 050054 052046 052051 052050 054048 052051 050048 052046 054052 048054 054053 049053 048053 053052 049049 050050 055053 051052 046047 054050 053052 050051 054054 052047 054046 048054 052053 047051 050054 054047 051053 046047 053051 055048 048048 055049 054050 048053 051051 049050 046046 055050 050050 054050 053046 053046 051050 052047
i288, 055048 054050 052052 049048 053046 047047 055052 055054 048047 055052 046046 046052 051047 046051 049048 048046 052052 051051 046051 053048 047047 055051 048047 048053 046055 047050 046049 050050 048046 046046 049054 049055 049050 049046 046046 052052 051050 055046 053051 046055 052051 048055 048051 047053 055053 052047 052052 050046 050050 053055 051054 049046 053053 047049 048055 053050 054048 055049 049052 050055 048049 054050 047052 052048 046052 050048 054052 050055 054054 047048 052049 050047 049049 046052 048050 048049 047052 046051 048052 051047 054049 053047 049055 046049 051048 048055 050053 049054 046048 047046 050054 047047 051050 047054 048054 052050 053046 055055 049052 052051
i432, 054047 048049 047051 048048 050050 047047 047046 046055 049049 049047 052052 047047 047046 052050 052054 055048 051052 054046 055054 047053 055054 050054 047052 050048 053046 047055 051051 054050 046046 053046 051050 051046 050053 046049 046055 054052 050050 052048 050052 052051 051051 047048 055053 053052 054055 052046 049052 048046 052052 046055 055052 049051 053053 054051 048051 048055 051054 055055 048049 049047 048053 048050 054054 050050 046049 047053 049052 055054 047049 051047 046053 048048 049051 054053 050049 047048 054052 047046 053053 051051 052054 046055 051048 047046 048050 050047 051054 049047 047048 051051 051050 053050 050049 052054 048051 050050 047050 049052 050050 052054
i223, 053048 049050 051055 048047 055050 052047 047053 046046 048047 048052 052048 047047 051053 049050 049049 051054 046053 050046 047054 053047 054047 052050 054047 047046 049053 051048 046053 053048 051051 050055 052049 055046 049050 047049 049046 052047 050047 054048 055055 047050 049049 046048 051052 053048 050051 055055 050052 054050 050048 055049 047055 054052 053051 050050 055054 053053 051051 049055 052048 049051 047047 053050 054047 051050 049047 047053 055049 051055 053053 048051 047054 050048 049048 054055 046049 049049 052046 051046 055052 052051 054054 047051 048051 046048 052048 055046 050050 055047 048055 051053 051050 047052 050050 049049 050055 052047 053047 051050 050051 054048
i365, 046055 049050 051055 047048 050050 052051 052055 053052 048055 053052 047053 047050 046046 046046 049051 049054 048050 054054 047046 055051 050046 050051 046050 055046 055047 047050 046051 049050 046046 046048 049048 050055 049053 049049 053052 054052 046049 048048 049049 047050 049055 049049 052048 053048 050052 052055 050046 046055 053052 050053 054054 047051 054053 050048 052051 055050 048050 055047 046055 047052 050051 048050 047047 051050 047046 048050 051052 050050 047053 048047 053052 050047 047051 053055 050050 049049 047055 054050 052052 051051 049051 051047 051048 047052 052050 053048 048055 049049 048047 048051 046046 049050 046049 049055 048049 050055 046046 055048 049050 052054
i137, 055052 048054 049047 052048 047050 047052 047047 049051 052049 053055 052052 048047 048053 046053 051048 049051 051052 054055 046050 053049 047055 051051 049048 048053 051046 050047 046051 048048 049046 050050 049047 050049 052052 055049 046046 052048 046049 054050 049055 055051 052051 049048 050053 053048 053050 054055 052052 053053 050052 046053 047055 046053 051054 054048 048053 055055 046055 053055 048048 052052 052055 055053 047054 047052 046046 047048 048053 052051 053049 050052 050049 055052 051049 051055 050050 048047 046047 050046 052048 048050 051046 047048 052051 046048 052048 046055 052050 049051 048048 055053 048051 048047 050049 051054 050055 055055 046053 052055 050049 054052
i35, 053047 050049 049055 053053 050053 047047 048052 053048 047048 051050 053052 047050 046048 051051 051049 055051 051048 049048 050054 053053 046047 046051 055050 051050 046051 048050 051051 050048 050047 048055 049050 046053 052052 048047 054046 053052 051050 054050 047054 051048 055046 052055 054055 053048 051047 053046 046048 053050 046048 055046 046053 054053 051051 047050 055051 052055 054048 051052 051052 051049 054055 048048 054047 052050 049053 053053 048048 051050 055053 048051 050046 048050 047046 052051 050050 054052 047052 046054 048053 049052 054049 054055 047055 052047 052048 048047 050050 048048 047048 055055 047051 047047 051050 049054 050054 050054 054048 048051 050052 048054
i446, 049050 050054 049048 048046 050050 047052 048053 046046 049048 051052 053047 048048 054048 048046 050054 047051 054048 050048 048054 053051 047047 046050 054052 053051 046049 055053 046053 047048 052046 046050 049049 054053 050049 048046 046046 052052 051050 055050 048047 046050 049052 054047 046049 048053 055051 048046 054052 053046 052049 055048 055055 046053 052055 047049 048051 050051 051050 052051 053048 049047 052047 049046 047050 047055 047052 047050 055052 050050 047053 051050 052052 054055 048052 053051 050049 049052 046054 053046 054052 048048 054049 046051 051049 049046 048048 055055 052051 054051 047048 055048 051054 048052 051047 055054 054054 050049 053054 055049 050054 050049
i80, 050048 047049 055055 054047 048054 053047 054053 046047 052049 052047 048047 047046 053048 055046 052052 054051 054051 048053 050046 051049 048052 048051 054048 053048 055047 055050 053049 048050 049053 048050 049050 047055 050054 046047 047046 047053 050051 051048 055048 051055 048049 049047 055047 053052 050055 047048 048046 050053 052052 051053 048054 051051 055055 052047 048053 055048 048054 055051 046051 048052 047052 055053 054054 049053 055052 048048 046055 046054 052053 055048 049047 054050 048049 053051 050048 052048 055046 046046 046047 049048 054050 050055 051049 054052 048052 055053 050050 054048 050048 053051 055046 048046 046047 055046 049051 055055 054050 051048 053052 052052
i632, 047050 055048 055049 047053 050050 051049 052054 046046 047049 047050 049049 046048 053055 048055 049052 051051 054051 048055 054055 050053 047047 050051 046054 050047 046052 050055 051051 048048 052046 053046 049055 054054 046050 049046 050050 050051 048050 048050 048055 054049 051049 049046 050046 053053 050046 047055 049046 048046 052052 046049 047046 048046 051050 050053 051053 051046 048048 055052 050051 046047 049053 048055 051052 049055 046055 048050 055051 050050 049052 049055 049047 050052 052048 049053 053048 052049 054055 046046 047052 046048 053048 046051 051048 048052 053050 055047 048054 048054 053055 051054 050054 047047 046047 054054 050054 049050 053053 048055 049050 049051
i801, 054050 055055 049047 053053 053055 049052 055047 051053 049051 055048 052047 047048 055054 050046 048050 051051 051048 051054 048052 053053 048046 051050 048048 046047 047051 048051 051049 051046 050055 052050 049054 050050 053050 047049 053055 053053 050051 055050 048052 055050 054049 054050 049050 048048 050055 047046 046054 053048 052052 051051 051047 050052 048047 050052 051048 055048 048047 055055 050055 047052 048048 049055 047051 055047 051051 053046 049046 050055 046048 046050 050049 046054 046051 051051 050048 049049 051054 046053 048046 051051 055055 050046 052049 053046 050052 055047 048052 049049 048050 055053 049050 047048 050050 054054 049048 050047 054048 046051 054051 054051
i740, 048050 054048 055051 048048 054047 047055 047054 048046 051049 050052 053048 053046 053053 052051 054049 048054 052052 054054 048046 053054 051047 053051 055046 051048 048047 047054 051053 048054 051051 048048 054052 049049 052050 053049 054054 054053 051050 052052 047055 055050 046046 046052 048053 048053 055051 052055 052048 046050 052052 055046 051051 047054 051050 047050 048047 055050 054046 051053 049048 052055 047048 054054 055055 053051 051046 048047 048055 055054 055047 053047 052054 050054 048049 051047 048050 050052 047047 054047 048052 048049 049055 050046 055051 054047 054054 046049 050048 054049 046048 053055 055050 047047 051050 055054 054055 054054 050050 049046 050052 052049
i590, 048052 050050 052047 054051 050053 052049 052055 046050 055048 049050 052051 050052 048053 046051 054049 049048 054054 050049 054054 055055 046050 052046 054048 049046 048055 050055 050055 053048 051051 048046 050049 050053 050050 049049 046054 052048 050050 050048 048055 046051 055052 053055 048048 053047 050052 054048 052053 051050 052052 049055 047051 053051 051055 054049 054051 053055 055048 050055 051048 047049 055048 048049 054047 052049 046046 047048 055055 050055 046052 052050 047050 055055 048053 050053 048050 047050 052052 050046 053053 052051 054048 046051 052049 046052 054050 047047 047048 047047 048047 053048 047050 048048 049046 049050 049048 054050 051051 049050 052050 048054
i19, 050046 054050 046049 055050 054052 049047 055047 046048 052049 055050 046053 053052 055053 048046 049048 049054 046051 048049 054046 055048 046053 049049 048050 054047 055047 050050 051050 055048 053046 048055 049049 048047 052052 047049 049046 054053 050051 055055 053055 046047 052052 050049 050053 048053 055053 048055 052048 053053 050050 051053 054054 050052 053054 054046 052048 055048 051050 055055 055049 049049 052048 049050 046047 055053 046047 048048 053049 054054 054053 053052 053049 050046 046047 053051 049050 049048 047047 048050 048054 046049 052048 050047 051052 048046 053054 055049 050052 047048 048052 048051 050046 052048 050050 054054 051049 052050 046046 053046 050049 046052
i85, 046046 050050 049047 047049 050053 052052 054047 054046 049049 055053 047053 053050 046051 050046 054052 051048 051052 048048 048054 048047 052052 054054 047046 053054 049055 050050 053053 047048 046050 046046 049049 049047 053054 053053 052050 051053 054049 050054 052052 051050 053049 047049 049047 047053 055046 053054 048055 053047 046050 051051 046055 053052 046054 054052 051048 050048 047053 046055 050054 052052 048054 050052 052047 046046 055049 048050 048051 055050 053053 051050 046049 054050 049047 046051 050050 047049 054055 053046 052047 051052 049054 051050 048055 052046 050048 048047 050052 049048 048050 053054 051055 048049 049053 054046 048051 052050 050050 055049 054050 054050
i751, 050046 048054 054051 048053 050050 047046 049048 051053 048046 047050 049052 050048 046053 052046 054048 054054 054055 049050 054050 053053 046047 048051 047046 048047 055048 047048 051047 048048 046046 046047 049049 053049 053050 049049 046050 054052 050050 050055 048047 055047 048046 052049 052051 048048 052049 054048 054052 053046 052054 055055 051055 053053 048050 052046 054048 055054 048054 051055 048048 047055 054052 047055 054052 052050 048049 053048 049048 054050 049054 052053 050047 054047 049049 055051 053055 047049 046054 046046 047053 047054 054055 046054 055051 046055 048052 055055 051050 055049 047051 055054 050047 048048 051049 049051 049051 055050 050054 048055 050054 050049
i330, 047055 049050 054049 047048 053053 055047 048047 053046 048047 053055 048052 052053 054051 051046 049054 055051 052052 052046 048050 052048 046055 054054 046048 050049 055051 050046 051051 050050 051052 046055 049050 055050 053047 049048 054054 054054 050046 054050 053055 052046 051048 048046 049053 048048 055052 055046 051054 053048 052052 049054 046054 053046 051050 048054 048052 048048 051051 051049 054055 050049 048051 048054 047054 052050 051046 048048 053053 052050 053054 048053 047046 054048 049052 052048 048054 048049 047054 046046 053052 048051 054054 050051 051049 052053 052050 047055 048051 054049 048053 055051 047051 046048 049053 054054 048051 055050 048046 047052 052050 046046
i174, 047050 050048 049055 050048 050050 047055 053047 053051 055049 050052 053048 053048 051055 046055 052047 048049 051047 048053 046048 053055 047047 049051 048048 047047 048053 054050 051053 051047 046046 049051 049053 050050 053052 049052 054052 052053 050051 055046 048053 051055 049052 047048 048053 052048 055055 048054 046054 048053 052050 055055 050053 051051 049053 054053 051051 050048 050048 046055 046055 047047 047055 052049 054050 049050 051051 048047 049055 050050 046053 048052 049052 047054 051051 054053 048053 047049 054051 048048 046055 054050 051055 047054 046049 054052 051048 055052 054050 051049 055053 053054 051050 052048 046050 054054 054051 049050 054053 050051 050052 055055
i246, 048052 048050 048046 049050 055050 047049 047052 048051 048055 052055 052048 047048 048048 046050 050052 049054 052054 054048 050048 046052 047055 054051 055048 047048 051053 050047 049046 053048 049051 048051 052049 048050 049053 047055 046050 054054 049049 047052 053055 047050 054046 047049 054050 048048 052055 046047 048052 050048 052052 046053 055047 046054 050047 052047 048048 052051 048048 046051 050048 052052 047048 055048 053054 052048 051046 052047 054051 051052 052049 050048 048050 054050 048048 046054 054046 053052 051055 046046 052047 048051 048048 054051 048048 052046 050050 049055 054053 051054 047047 049054 051053 047047 046050 050054 050055 047053 050054 049046 050050 052048
i394, 046047 050049 050052 055053 048050 051049 055052 054053 055049 054050 053052 048055 054053 050051 051048 051054 054052 051048 047054 051053 048046 046048 046046 048047 053054 055046 055051 051048 047052 050051 049054 053055 051050 052048 051053 054052 049050 055054 051048 048055 052054 047047 054053 053048 055052 055050 046052 053053 047052 055053 054051 047053 050053 050050 048048 050048 054050 047055 048055 048047 054054 047048 053053 046052 049046 052052 055052 052052 052055 051052 052054 050048 053049 046052 050050 049048 055054 046046 053053 055051 049048 051054 051055 052052 055052 049055 052048 054048 050050 055050 047051 048051 049047 054054 049051 047048 051054 048048 054047 052048
i752, 047052 050054 049055 048047 050050 051047 047047 053053 055046 052052 052048 046052 053051 050046 048049 051051 054054 050054 048050 048053 050047 054054 048054 046046 055053 050050 053051 054050 049046 050055 052049 053055 046054 047049 053046 054054 053046 054054 052048 050047 049049 047048 052046 046047 055051 048055 046046 048053 052052 055051 049054 047055 054052 054047 048051 055048 051048 055051 052048 047052 047047 053053 054053 052050 052055 046053 054049 052050 047052 049052 050055 054047 049050 052052 053048 047049 051052 046051 054052 051054 046051 051046 046055 047047 052048 047049 051052 051054 048054 051053 048046 048047 050049 051052 050052 047050 046053 052048 050050 054052
i15, 052055 047054 049047 050054 055053 049052 047049 054054 047047 048052 047052 047053 054048 047048 052052 054054 050052 053048 047054 053048 050047 054047 046046 046047 053046 048050 053051 054050 046046 046048 049049 048050 047050 049047 051046 048054 051050 055050 049046 055047 049051 048049 051049 047053 051050 055047 052048 046055 052048 051049 047049 052053 053054 050049 051055 055046 047048 047047 051053 051047 049048 048055 047055 047055 049049 049050 051053 052052 049053 051053 046049 054050 050051 052051 052052 053049 047047 046046 055047 051051 054046 051046 055049 055055 054046 047047 054047 046051 053052 051055 046051 054050 050046 052054 055049 047049 046053 051052 051050 049049
i237, 055052 048049 055055 048048 050050 051049 053049 048048 049048 050052 047051 048051 048054 046049 048054 054046 054054 054054 052049 052046 050047 054054 054046 046049 046053 053048 051051 051047 051047 046051 049050 055048 050052 048047 046054 051051 048049 054054 053047 055055 049051 049054 050048 047053 046050 055047 046046 046050 052050 055055 049052 051049 054050 047050 055051 050046 048048 046047 052051 055049 054055 048053 047052 047051 051047 046048 049052 052050 054047 050053 047046 047054 051047 046052 052048 048052 050052 046053 049047 054053 049051 050050 051052 052052 052050 049046 050053 047047 048052 055050 052049 050046 049050 054049 048054 055049 047053 055048 049050 055055
i783, 053053 055049 052050 047048 050050 047055 054054 046046 046049 052052 047046 048050 052053 050046 052048 049049 051052 051051 046052 054048 047047 051054 048049 048046 047047 047047 053051 048054 049055 052055 052049 053054 047049 048047 050052 052054 047051 051050 050052 052049 051049 047053 051055 048051 050050 047054 046049 055046 052048 049048 052055 046046 053050 049050 053048 051048 048051 054050 050049 055049 048047 048048 049047 049046 046052 050047 048055 052052 047049 049053 048046 055046 051052 055046 050049 050054 046055 046048 054047 051051 052054 053055 052052 052048 048052 049048 053048 047047 049047 050051 046051 050047 051050 055054 049049 054052 053054 048050 054047 052046
i144, 048052 052050 049055 048047 050050 047051 052055 046054 047049 055050 047051 047047 048054 046047 049049 054055 051048 048049 051055 051053 048048 047053 046050 051048 048049 053050 051051 051048 046055 050046 050049 055050 050049 046048 054049 051052 047052 051046 048047 050055 049050 053047 054053 053048 050051 047048 046049 050052 052052 055048 049054 053053 053048 052047 051051 053050 046048 052051 054055 052055 052049 049049 055055 049047 046046 047046 053055 055054 046049 052047 047049 054054 049049 050051 054050 052049 047048 050050 053048 048051 055047 051046 055049 046055 054051 055046 047046 055049 050055 055053 051052 052049 050048 055050 047048 053052 054054 049055 050052 051052
i324, 050046 055049 051055 048050 050053 046051 047052 049053 055049 050055 047047 048053 046051 051055 049049 051049 051046 048048 055054 046046 047050 049050 046048 053054 051055 048055 051049 051054 051052 046051 052055 050050 050050 049049 046050 052052 050051 055055 052048 052054 054048 047055 049052 048053 053052 046047 052053 053053 052052 046051 054047 052046 048051 054046 054051 049055 048047 046046 048049 051055 052051 049048 053054 050052 048055 047048 055054 054050 053049 052049 054050 054054 048048 051053 050054 047047 051046 049051 055053 054048 054048 047048 049052 047048 048048 055047 054050 051047 049047 050055 052047 053046 052053 054054 050051 052050 050054 054055 055052 050052
i296, 047047 049053 049055 048048 047053 051049 048053 054054 049048 047055 047048 048046 048053 049046 050049 049051 054054 050054 048055 055055 048048 048047 048050 048049 046047 047055 051051 048048 053049 048051 049049 054054 050050 047049 053055 052053 051050 049050 055052 048055 052055 054053 051052 048053 049055 055052 046051 053053 052052 055048 047051 052054 051053 049049 055055 053050 046054 055055 048051 055049 054054 049052 053054 046050 048051 047048 052053 050047 053053 050052 046053 046050 046049 053055 048052 049046 052054 051048 048051 048048 054054 046051 051051 046051 052050 047055 053053 048051 048053 051053 050053 047049 050050 052055 048047 049047 050047 055055 053050 054051
i725, 053051 051054 053052 048047 052055 048051 051047 053046 049047 049055 053052 053046 048048 046052 048049 048051 052047 049046 054046 051053 053047 054049 055054 051046 053053 047051 049051 050053 053055 053048 049049 050055 050050 054049 054054 053053 050051 046054 052055 046050 051049 047055 051048 052053 047051 052047 046046 055050 052048 049049 051046 053048 053053 050047 051051 050053 051051 055053 055055 053054 051048 052053 047047 048049 047048 046048 048052 054051 050047 052052 049052 047050 048049 053053 050054 047053 051048 046046 046054 051050 049053 050048 051048 046047 053052 055054 050053 054049 051048 051051 051053 051048 049047 054055 050054 050053 053046 047046 049054 052048
i435, 048046 048049 051051 051052 054050 051055 047047 048054 054049 053053 047047 048046 051055 049051 050049 048046 052048 050046 051049 052049 046047 049051 054054 050048 053055 047050 050055 051054 046051 046055 049049 055055 050050 049048 050054 052052 051050 051048 052052 050055 052051 054048 051048 053053 055051 047047 051046 053052 050047 055046 051051 054053 053051 046047 052055 048055 051048 051055 050051 052052 052048 051048 047050 049053 052052 049047 049049 050052 053053 048049 048049 053050 053047 046050 050050 047047 047054 054046 052049 051051 049046 050047 052048 052046 048052 055055 053052 049051 050048 051055 047052 049053 050049 054054 050049 055052 050046 055051 052050 052050
i308, 052047 048050 048049 048047 053050 046047 047052 046054 051051 055055 049047 054046 046048 047046 049052 051046 052054 048051 054055 050051 055046 051054 047052 050046 055051 055048 051046 048047 055050 053051 052049 054050 052052 046051 054046 051052 051050 050050 052046 052054 046049 047046 049046 053052 052049 047054 049049 053050 052052 053046 055054 054048 051046 047050 055055 055050 054050 055050 049052 049052 054054 053048 047054 055049 046055 047048 052051 053050 052053 047050 050046 054046 048049 054046 050055 047052 052055 046046 052052 049051 051049 046051 049051 047052 052052 048055 048051 051054 048047 054051 048051 048048 048051 054052 050050 049050 054046 050049 050050 052052
i462, 050046 050050 049055 053048 053055 046049 047048 046054 049049 050055 048052 047053 055055 046051 049051 046054 052054 054050 054054 053053 053047 054051 050054 047047 047046 050047 055046 046048 049051 051055 049051 055053 047048 053048 050046 052052 050050 048054 055048 046049 053046 048054 053048 055047 053055 055055 046054 053052 046052 049051 051047 055054 053054 049052 048053 050050 048048 051054 051053 049049 048052 054049 054054 051048 048051 047047 048051 052050 046046 050051 050048 050054 053052 055055 053052 053050 055052 050046 053054 052054 054055 051051 048055 046055 050054 055049 054047 046047 053047 051051 046050 048047 050053 054049 050049 053050 053055 046046 050052 047046
i119, 047052 052050 051046 048048 053050 046047 049055 053054 054047 049055 047048 046047 048054 046050 049050 049046 051054 046050 050046 053048 053051 050049 046046 047046 049053 053050 053051 050048 046051 054051 054049 052047 050049 047048 046054 051052 048055 050048 046052 049046 051048 046055 048051 055048 050053 054055 049047 048050 050052 048055 054051 046052 055048 050050 052048 048050 053046 055055 054049 047048 047052 053047 053047 047055 049049 052052 054049 052055 052052 053048 050053 050054 049049 055054 052050 047050 051052 046046 046052 048051 054054 051051 049049 046047 050054 048047 047053 051047 048053 051055 051051 048055 049053 054055 048051 048054 053047 055051 052050 050051
i546, 050055 055050 055047 047048 050053 052046 054047 054046 047047 047050 046048 048048 053048 049048 049049 046049 051048 051048 048054 048053 050054 048054 054047 048047 046046 050050 053051 053053 046049 055046 049051 046048 047049 047055 050046 052048 050050 054048 053052 051050 052051 046048 053051 047053 055052 046053 046052 046048 048052 053055 054054 051055 049050 050054 048048 055053 050048 052055 049048 052049 052053 048054 052047 051051 052051 050053 048051 050046 055046 049048 054053 047050 051051 053055 054048 049048 046047 052053 048046 052054 051051 051046 048051 046048 052054 055047 050050 053049 050046 054051 050050 048055 049046 054054 048047 050050 055046 052055 050052 046052
i94, 046052 055054 047047 049047 053050 049051 048047 054051 047055 053053 047047 050055 046055 050046 048055 051049 048051 048048 054048 046048 047048 054051 055046 047047 048055 050055 051051 050050 049046 048050 054049 054055 049053 047051 055054 048053 049051 046054 047055 052046 052052 049049 048055 047053 051050 053047 050046 053050 050052 055055 047049 053052 052051 050049 051051 050050 053046 051047 046048 052052 054054 053048 055047 050052 051052 053047 049051 050050 046053 048051 050055 048052 048052 051051 050049 050047 048047 048046 052052 048051 054051 050050 051052 047046 050053 052055 052054 049047 047053 053055 051047 048054 050051 055054 048049 050054 054055 051046 054052 052046
i346, 054054 051048 049055 047048 047050 046051 047053 054048 054049 048052 052053 047049 051048 054053 051049 050051 051048 054047 046051 051053 048047 054046 050054 050047 055046 050050 052051 050048 046055 048046 049049 050053 050049 049050 053051 054052 051050 054054 055052 055051 052048 046055 049048 053047 055050 048048 048054 046053 052052 049055 047055 050048 050051 049050 048051 048055 050053 055055 048055 048047 048052 047048 052054 048047 049052 054047 053051 054055 053054 049053 046054 047050 051048 053052 053050 048048 048054 048046 047047 048048 051051 054051 049049 054054 048048 055047 047052 054049 046051 051055 050051 050055 046050 052055 048049 055052 054053 049046 049053 051046
i352, 050052 054052 051052 048055 050055 051049 052047 048048 054055 048047 048047 047050 055051 047050 050049 051054 054055 054050 052054 048048 046048 050048 048046 047049 051053 051055 046049 050048 051050 051053 051049 049055 053053 047047 055051 054054 051050 054055 055049 047046 053046 049052 050050 053053 053055 055055 049051 050046 052048 049055 046054 049049 053053 052047 055048 048046 048051 048051 048048 049052 052052 055049 052047 046046 053047 046050 048053 052050 046049 048050 050054 050050 047049 046055 054049 050049 052054 047051 047052 051054 051054 051051 051055 055049 049053 055055 053054 049048 053047 055051 053055 047048 049049 049055 051049 049055 047051 052055 053053 052049
i702, 046048 050049 049049 054048 050050 050054 055054 054054 047051 052047 053052 048046 051047 050048 048055 046051 052054 046054 054048 051055 053055 051046 046046 051049 046047 052047 055046 048051 055046 046050 054050 047050 050047 055046 053052 053053 050051 050050 053052 047055 051048 049054 046049 047047 055053 048046 054048 046048 052052 049055 047047 052054 051050 050052 055048 055048 048048 047055 053048 055055 049048 049049 052047 055050 046051 054047 050054 052055 052053 052049 053054 054048 049049 052053 050050 047049 050055 046051 047052 051051 046055 047053 048051 046052 052050 055048 054049 055047 053052 053051 046047 047055 050051 054054 049048 050055 053054 055047 050050 047046
i531, 050048 054049 047047 048050 050055 046051 048052 046046 049048 055052 048052 054052 047048 047046 055054 054055 046053 054046 046054 054055 055046 055053 047054 048049 053053 046050 046051 047050 051046 054048 049049 055053 050049 055048 046046 052052 051055 049052 048048 050050 049048 047048 050053 048053 053050 047055 046055 052053 052052 046055 051055 049052 053051 052054 055052 055055 051048 054047 054055 049049 052048 049054 053053 050052 055046 046052 054050 054055 052053 052053 052048 052054 051046 051047 047053 048050 054052 046048 052054 051054 049054 051054 051052 047049 048048 055054 048051 049049 048047 050051 051048 051048 049049 054055 051051 049047 046054 051055 048052 051052
i564, 052055 055055 052051 052047 053053 047046 055055 052046 047055 053052 049052 048050 055048 047046 049048 051051 051052 051049 047050 048053 050046 053054 053046 048048 048053 048054 049051 051050 046050 048053 049049 055048 046050 049048 050053 054047 050051 055050 052055 055046 052055 049054 046051 048047 050052 052047 046051 046048 048052 046053 047054 051051 053048 052054 053051 050050 052051 047046 055054 052052 048054 053055 054047 055047 049051 047047 054055 046052 053049 048048 050049 048054 053048 053055 048054 049047 052055 046051 052047 048047 054049 050051 049048 047046 048052 055052 053050 055046 051047 050051 053051 048049 051053 050052 051050 052049 053046 055055 052050 052052
i589, 046048 054049 051055 052050 053050 046055 047046 051046 048047 047055 050048 052046 048055 050046 052049 049051 054054 048050 051051 051046 047053 051048 047049 048047 052046 047051 051046 050050 046050 046048 054051 055047 051050 047047 050052 050050 050055 052051 053055 046050 048051 055047 049050 047053 050052 048053 052054 050046 048048 055053 054054 053052 047053 052050 048051 050055 048051 052055 051048 052052 055052 053053 054047 052047 055047 048047 050053 050051 053046 052048 052052 055053 048049 051053 047049 049046 054051 054046 046053 054049 051047 047051 052055 047052 050051 046049 050050 054051 055052 048053 046052 048048 049051 052054 050048 047052 052051 052048 052050 047046
i323, 048050 048052 055046 050047 053050 047051 055048 051054 049049 048055 048053 050047 047055 050051 052048 049054 051052 054046 054046 053046 047048 054050 054054 053047 046053 054048 049051 048048 052046 051046 049049 048053 050049 047047 046046 054052 050054 055052 051052 046051 049051 053049 053050 055055 055053 053055 052046 053053 052052 055049 054046 052050 055054 050053 055054 050050 051051 047053 051048 052046 054054 053053 047054 050046 049046 052047 052049 050052 053046 053049 054050 050046 052052 046046 053048 047049 052055 046051 046052 048052 054051 047051 048049 055047 050048 048047 052052 047051 052053 053048 047053 052050 048051 054052 055050 051050 054053 055046 050050 053049
i90, 046046 052051 047049 047048 051050 047049 048048 046051 049055 047052 048047 046050 051046 049050 055049 049054 052052 049051 054050 053051 047046 048048 054046 055047 048053 047048 053051 046051 047055 054051 049054 049053 052051 048049 050050 052053 050049 048054 053052 050050 048052 047049 051051 055053 053052 046046 053046 055050 052052 049055 046054 053047 049050 050052 053051 048054 053048 051055 048049 046052 051047 048048 052053 050051 047055 049047 049054 052051 051047 053052 050049 051052 052053 053053 054048 047049 047052 054046 053054 047048 047047 051050 049051 048047 053048 055049 052048 049047 047048 053050 046055 048047 049050 046055 054048 055050 053054 053048 050054 047054
i637, 049048 050052 055047 050048 050047 051049 055047 054046 054055 055050 053050 047055 051047 046046 051049 052046 051048 051051 054048 051053 047046 050054 046048 048053 054051 053051 051053 048050 053051 046055 051049 053054 051054 048055 053050 051054 050051 054050 052055 055050 049052 049046 048051 053048 053050 055046 046052 051050 052052 055055 054054 054048 051051 050054 053051 050050 050048 051047 049055 049052 052048 049049 055047 050055 049049 046048 051049 052050 046053 049052 048047 047046 053052 055052 050050 049047 046046 048046 052047 051048 049051 046051 052054 054047 054053 047047 050048 049055 054047 053053 051054 047049 050050 052055 055048 050050 053047 050052 049050 050052
i468, 048047 054054 047051 049048 050054 053047 046048 054046 055054 047047 053052 048047 048051 046051 048054 054051 052046 051051 046050 053055 048047 051047 046054 050055 049047 051048 046053 048048 049052 051048 052050 054048 053054 049049 051054 054054 051051 049048 046051 053050 052051 049054 046053 047053 052055 047047 049051 046053 052050 048046 046050 048052 046054 054050 054048 048055 046051 046055 051049 052049 053052 053048 047053 052049 051051 048050 049053 052054 052049 046049 054046 054054 053048 054052 047053 054049 054055 047053 054054 051051 051049 051047 052051 052048 050052 055055 048050 047054 048054 051055 050051 047052 046055 050054 048050 055050 053051 046048 050050 051052
i760, 047051 054050 055049 047054 050050 051049 047052 054048 049049 047054 050047 047050 054055 046051 049052 046053 051052 055048 048046 053054 055050 054046 048047 048049 055055 055050 051053 048048 049050 055054 049049 055053 052052 047049 050046 051048 050052 048046 053053 050052 049051 048046 051046 047053 051052 047046 046049 055053 052048 049055 054054 046048 047053 054053 048048 050050 053048 046046 054051 055048 052051 054050 054052 053053 053046 048047 053055 050050 055053 052053 049048 050054 053048 051053 054047 049049 052054 051046 052048 051054 050055 054051 052048 055047 050053 047047 050052 049047 048048 053053 046052 051047 050047 054052 055055 050050 046050 048047 054052 054054
i578, 051054 054054 049049 048049 046050 047048 055049 046055 054051 047052 052046 052046 048054 049047 055052 049054 054054 051048 050047 054047 046047 051049 048054 046048 046049 047049 053046 048050 049052 046046 049049 047048 052054 047049 052055 052054 051051 048049 053048 052050 052048 047047 051051 053053 053051 053054 048046 046046 050048 055055 046047 053046 053052 051046 051048 055052 051046 051049 048055 053052 054047 048053 047047 050049 046046 054047 049048 055053 053047 049048 046047 054054 046049 046053 046050 052052 054052 047046 052048 054051 051048 055048 051048 047046 048051 047055 052050 055047 048055 051054 055050 049054 050049 050054 048049 052050 046047 046051 054055 054051
i448, 050048 051054 055048 048049 050051 047049 055049 054046 049048 055052 052047 047050 054051 046053 048051 048055 055046 054046 047054 047053 050046 048054 048048 047049 049049 050050 046051 048051 046055 050053 054049 054053 052050 053047 054046 047054 049049 054052 053055 051048 051049 054049 055051 047047 055053 048051 046048 050053 052052 046055 051047 051047 048053 046050 048051 048050 054053 046046 048051 055047 048052 055053 052054 047050 051051 046046 054051 051055 047052 053054 048049 047047 047049 054053 048049 048052 054055 051048 046047 051047 047054 046050 051049 046047 050048 055052 054050 054047 052052 046051 051052 047051 054049 049049 051049 053050 046053 048051 052049 052052
i107, 046046 050052 052049 053047 050055 047047 047052 048046 047049 054047 052053 047050 055046 046052 049052 046050 051054 054050 054052 053048 047055 051046 047048 055051 046051 055055 052051 050051 053054 046050 054049 050054 053052 049047 054046 054054 050055 048055 047052 050046 051054 049054 051047 052052 052051 053047 052046 052050 050052 055055 051050 048051 054054 050050 053048 050050 048046 046055 050050 055051 047051 053054 054052 055052 055055 048049 054049 052051 052048 051052 052046 048054 049047 052052 052050 049052 047046 046046 047051 051051 051052 051051 051051 046052 052052 052048 048053 054052 047047 053051 050048 046049 050049 054054 051050 050050 053053 051055 049054 052052
i199, 048047 049054 049047 053048 053053 052049 047052 046046 055052 050055 052050 048055 053046 054048 047048 049049 046046 048046 046050 054053 048055 048051 046050 050050 047047 050048 053046 048052 050046 048048 049049 050055 050050 047047 054054 051051 052052 055048 053055 052055 054049 047047 053050 048053 052051 047051 046053 046053 052048 053055 049054 050051 054048 050050 055048 055050 047050 055047 048050 049051 049049 054053 047054 047047 046051 046049 053050 052050 046052 055046 049046 055048 049049 055053 050050 049046 049046 046046 052053 052051 049050 046050 048048 048047 052050 054052 050051 049051 055047 053053 055051 052047 047050 048055 051050 055052 054047 050048 046050 048051
i385, 048046 051050 055049 047053 050050 051049 052047 048051 047049 047055 050052 048046 046053 053047 049049 049055 047054 047054 046054 052055 051047 054051 050048 048055 046051 048050 046053 050052 052052 046046 050048 050047 051051 053047 046049 052048 051050 050054 048052 055055 051046 048046 050048 048052 055053 052052 051049 050046 050050 049051 047054 053053 054048 050052 053048 050050 048050 052055 051052 052051 052048 048053 054047 053049 055051 048048 049055 050055 049049 049051 054050 054047 048053 051053 053054 047049 047055 046050 047054 051048 054050 051046 046046 054047 048053 055055 055053 047051 047048 051055 050052 053047 051047 054049 051051 054054 053050 055055 052052 048054
i96, 052047 049054 055046 049050 050050 051047 047055 054051 049049 049050 052052 046046 046046 046055 048055 055054 054054 048050 051046 051053 050055 053054 054049 046047 047051 047055 051049 050051 050049 048048 049054 053055 053050 047047 050054 052052 050050 050054 052049 046046 049049 050049 055053 046053 055054 046046 052046 053053 052052 055055 053054 053050 052047 052049 051055 050050 054055 047047 049048 052051 054054 048048 047047 047051 047046 052047 054051 050055 053051 049052 049047 054050 048049 053050 050049 049052 055055 047050 054052 051048 047051 050051 048051 055047 051051 048048 054048 048051 053055 054055 051048 047047 052051 049049 048048 050050 054048 048047 052050 049054
i773, 049053 052054 050049 047049 046050 049047 052046 053053 055047 046048 048053 053048 048053 052053 052047 049048 048051 050048 048050 053054 054047 048049 046051 047048 053052 050048 051051 048047 050052 046053 049050 050047 049053 049049 055054 054050 051049 050051 048047 050047 051052 047054 051051 048053 051051 049051 048048 055050 046050 050051 055053 049050 051051 054054 055047 050048 054048 047055 055051 052052 052052 054051 055055 047047 052049 047048 049053 050052 053054 052050 050049 047046 048050 054054 048050 050050 046054 046050 053055 055051 048048 047055 048051 052052 048050 047047 050055 049051 050052 053055 052046 047049 049048 054054 050050 051050 050050 050049 050054 052050
i50, 051048 050055 054054 053047 055053 051049 048052 048048 049049 055052 047051 050046 054055 055046 048052 051054 048051 054053 050046 046052 050047 054054 047046 047055 053049 050050 046049 051051 055051 051046 049049 053048 055054 049047 050051 054054 051047 050051 048052 055047 051053 047049 046053 048051 053050 046046 053049 051051 048052 052046 047054 055052 046050 050047 048048 055050 055048 052055 051053 049055 051054 050049 055053 049048 055055 053050 052054 050052 054052 054052 053047 047047 048048 053055 046048 049049 055052 048051 048052 052046 049051 046051 051051 054049 048050 048049 050052 054055 048054 053053 055054 050047 050049 055054 048047 055047 047054 046055 050049 054055
i260, 051054 050054 052052 048048 047053 051053 053055 053051 055049 052047 047048 053052 051054 051051 048049 049049 052051 054047 054050 053053 047048 054047 046054 053047 053046 047047 051053 050053 049055 053046 049049 050054 049053 049046 051051 051049 050047 046050 048048 055051 052051 049055 049048 046048 055055 046047 046048 048053 052052 055051 054054 053046 049047 050050 055048 055048 048055 047047 053054 049055 053048 048054 047054 051051 047046 053052 048053 054052 053051 050052 049049 054054 053047 052053 050050 047048 055046 046046 047052 054049 051054 055055 051047 048051 054048 049053 047051 054054 051050 050053 047053 049048 049050 049054 054050 055050 050050 046047 050053 050054
i242, 050055 050049 049049 053054 050052 048051 047053 052048 055049 052053 055047 053052 046046 046050 052049 049054 054050 046052 050046 055053 055048 049054 048054 048051 046047 050051 055051 048050 051051 048046 049054 050053 053053 055047 054052 053050 055050 053049 055047 050047 052051 052054 052051 053052 055048 046048 046048 050047 048052 055053 047054 055046 046049 050050 055052 049052 053054 055046 048051 047047 052053 048048 053046 047049 049049 047050 053052 053055 049049 048050 046046 054048 048048 055051 047049 054054 054052 046053 054048 054054 047054 050051 051049 049051 054054 051047 054050 051048 048048 053053 051046 052049 052049 049055 054048 049055 053048 051052 050048 054050
i771, 055053 049052 055052 048055 050047 049047 052052 053048 054049 052052 050052 053048 047048 050051 052052 048048 054046 055054 050050 050049 047048 051046 046048 046047 046053 055050 051051 054050 052049 046048 054053 048055 053054 049046 053055 051054 054050 050050 055047 055050 051049 047047 053052 048047 049051 048047 054054 053053 050050 055055 054049 048049 051051 052047 055055 050050 053048 047055 049050 048049 052047 053047 047047 046047 047055 050047 052053 050052 046052 049051 048054 046054 050048 051053 054048 047047 054055 046046 053047 052054 047048 046055 049049 046052 048050 055046 048050 047054 048053 055053 051050 048047 053050 052050 054054 050050 050053 046055 050054 050053
i124, 049055 054049 049052 050047 050053 049051 048046 053053 049047 052047 052048 048047 054048 050055 049054 054051 054051 054049 048047 048046 054055 046047 046046 055049 046046 050055 051049 050048 052046 053055 049054 050050 048050 049053 052047 052053 052051 050054 055055 055052 052048 047047 054046 048048 052052 052052 046052 052046 052050 055048 055047 051051 051047 046054 055052 052055 046051 055054 053054 052052 047046 055053 047047 055052 052053 052055 049050 050050 047055 047049 054054 050048 046046 052052 048050 049052 052047 050046 052048 054051 048048 046051 051055 047047 052048 055055 053052 048054 051052 046051 051053 052052 053049 052054 051051 054054 053053 046051 048052 051054
i233, 050052 048049 046047 048048 050050 049046 048055 053051 048055 049050 048048 052050 053054 048055 050050 054049 052052 049046 051050 052048 052047 054049 054052 047047 047048 055050 051055 048048 050049 051047 049054 050055 047050 049049 047053 049052 051050 048050 048048 052047 052046 049046 053048 053052 055051 046053 052052 046047 050052 054055 046054 053053 053054 050053 048049 055053 048055 047049 046048 052055 048052 051048 053054 046050 046051 048048 055053 053055 054047 052051 047049 050046 050051 054053 048054 053048 047046 047046 048052 051052 054054 051050 051052 047046 052048 048055 051048 049051 046047 050055 055052 046048 049047 054050 048049 052050 049053 052046 050051 052054
i391, 050046 054051 051048 053050 050054 048048 051047 054046 051049 048053 052047 048046 055051 047052 049054 049048 048048 048054 049054 053053 047050 053053 055055 048053 053051 050047 051053 048048 053051 054046 049051 050047 049047 049046 054046 052051 053052 049052 055048 048051 051049 053048 048051 053048 055051 055047 049046 050055 052052 054055 054054 055054 050049 054050 051051 050049 051048 055055 051049 052047 053047 048048 053050 047047 047055 049050 049055 054055 053053 049049 046047 052047 047049 054051 050048 049049 052051 046048 047046 055051 051049 047046 049051 055047 052046 055052 051052 049047 049050 051053 055052 050046 050050 054050 054049 055052 053053 049055 050050 054054
i699, 052046 050052 054052 050048 050052 052047 053053 054053 049055 048048 049047 048052 048048 047046 054049 048054 054046 052049 055054 046053 051047 051049 055054 046050 048049 051053 051051 048048 052053 046046 048050 050055 052053 047048 054050 052046 055050 055054 052048 050046 048052 048055 046053 053053 055055 053055 053046 053053 049052 049049 054053 053052 054055 049050 053051 053052 054048 053055 055055 048047 053049 048053 047052 051052 051051 050049 046053 055051 053047 053052 051049 050050 049052 053053 048049 052048 046051 051053 052052 051048 048049 050055 051052 052052 052048 055047 048050 048051 047048 050051 051051 048048 049048 049051 050051 050047 054053 050046 049051 052048
i104, 046052 048055 051047 048048 050050 052048 053055 054054 049049 050055 053050 052046 046055 047051 055049 046048 052052 048051 046052 052055 053048 049050 047046 054047 055046 050047 055046 048048 049050 046046 050050 050052 050050 049048 046046 052052 055051 048048 055052 052050 051052 047050 051050 047048 051055 052052 052048 046053 052050 053055 051052 053052 047053 052052 048051 050048 051048 051051 055051 052052 054048 051053 054049 046046 055055 053050 050048 052050 050050 052052 053050 048053 049052 054054 048052 052047 046047 046046 052047 048055 051050 051051 052052 052052 054048 052048 051052 049047 051047 053051 051051 054050 047050 051052 050050 050053 046053 048055 052054 052052
i505, 052049 049051 050052 053051 050050 055052 049048 048054 048048 055046 047047 052046 051048 048046 049049 046054 051054 046046 055050 050050 048048 048054 054048 047047 046047 050050 051053 048046 050046 054055 052049 049055 049051 047055 046054 052054 046047 048054 055052 055051 048053 049053 050046 053053 052051 055052 054049 046046 052050 055046 055055 052046 054052 052047 053048 050052 051053 051047 051050 052054 052049 053048 055050 055051 051051 048048 052054 053055 053053 048048 046048 055054 049047 054051 050054 047049 050051 052051 047054 052051 054054 055050 049052 047048 054051 055053 054054 049054 055047 055051 046050 054054 049047 054055 051048 049047 050055 046046 050054 048052
i128, 046047 048050 046047 047049 050050 052049 052048 051055 055049 049050 049046 046050 053046 051051 050052 048051 054053 054049 051048 053051 047047 051054 046048 049051 055047 050050 050049 051049 049050 046048 050049 054049 050050 049047 052046 052050 052050 046055 048053 055047 048051 049053 051053 047051 052050 054055 054046 053046 052052 055046 054048 055048 055050 052054 051055 051055 048047 055055 051049 051047 052052 048051 046054 055055 051046 046048 053054 050051 047053 050048 053049 055054 049048 047046 048047 047049 052047 046047 054052 048049 051054 046051 049048 047048 052054 055048 052048 048055 049052 055050 051050 047048 049047 055054 047049 050049 053046 053052 054052 048052
i438, 046048 048050 047046 048048 051050 046047 052055 052053 055048 054055 046052 053052 055047 052050 048049 049051 051054 051048 046047 048053 048047 046049 047055 055047 046046 050050 049046 051048 050053 054055 049049 048047 050054 048048 053046 052054 052051 054048 047053 055050 051052 049047 049046 052053 055051 047055 046046 050050 050046 052055 051051 048049 050054 049046 053051 053052 051048 049054 050048 052052 052054 049048 054052 047050 046046 048053 049048 051054 051051 051048 048047 050055 053048 046054 053048 048047 055050 047046 054053 048052 050051 051047 051051 052053 050052 055055 053050 049049 047048 055051 050050 052046 046049 051051 050053 054055 053053 048055 046050 051052
i231, 047049 049049 049055 047048 053055 054049 055055 054054 049054 054052 046047 048048 055048 051055 048049 051055 048051 049048 046053 050053 051047 054051 049046 047053 049046 055050 051053 050050 049046 054054 049049 050048 052050 049048 053050 050052 052049 054050 055048 047047 051051 048047 053055 053048 051050 047048 046046 046053 054046 055046 046054 055047 051054 050050 054052 046055 046051 055051 051050 048052 051052 049053 052047 051050 052052 052053 051050 052050 053046 049051 048046 047046 049050 052052 050048 052050 054052 048051 047048 049054 054047 046047 048048 052047 055050 047047 048051 048055 048053 053053 054050 048047 051050 054054 050055 055052 055050 048051 052050 054054
i687, 055049 048050 050051 052051 053050 049051 047047 054053 049047 050052 048054 052047 046046 053051 051051 049049 054054 048046 054054 050052 053046 054051 048046 050050 053053 048051 053046 053048 051053 053052 049051 050050 051052 047047 055051 054053 051054 055050 049050 055052 051049 047048 051053 053047 051054 054055 052052 051046 052052 055055 047054 053052 051048 047049 055055 055048 050051 047046 051048 047046 054054 054053 052048 055047 046055 049048 048055 052051 053046 053048 047047 054054 052046 054048 053048 050047 052046 046046 047054 051051 051055 050053 048051 047052 052046 052047 046050 049049 047048 051054 050051 047046 050051 054054 050050 055052 049046 055051 050050 052048
i93, 047047 050054 051055 047053 050055 052047 052047 053054 049055 055047 048048 048053 048051 053053 055050 049054 051048 046049 054054 050050 048052 055049 046047 049051 055046 054050 053051 048051 046055 048046 054049 047048 052054 046049 046046 053054 047049 052055 050052 047055 051053 053050 051047 048048 050049 046055 053052 053048 052052 055055 047053 053054 051053 052053 051051 055048 051048 054052 051048 051054 054047 050051 052054 055050 051048 052047 048051 052055 049055 047046 049053 054047 052052 055055 047049 049048 047047 046046 054052 052052 054048 047050 051051 048047 052053 046048 050050 051048 048048 055050 050050 050048 050050 051052 048049 047049 054053 049052 050052 048054
i674, 047053 050050 051049 054053 046046 051046 055049 048052 054049 053052 052052 047047 054051 055051 051052 053050 052051 054051 049048 053055 051053 049049 046046 054047 051053 050053 049050 051055 046055 046051 049048 050054 050049 047048 046047 054051 051052 048055 047052 046052 052049 047055 049052 053053 053051 047051 046046 053053 052050 054055 047055 048055 051050 054050 048048 052050 048046 047054 048048 046052 047050 048052 053047 055048 048051 048053 053051 048054 053053 049052 046046 050047 053048 055053 054050 050048 052052 046048 048055 048052 048054 051046 046047 055047 052052 055055 053054 054047 049048 055053 050051 047047 046050 055046 048052 050049 050054 051055 049055 054049
i452, 046046 052055 052054 049052 050050 051051 055052 048051 047049 052055 046049 053047 051052 047046 049052 051049 052051 052053 054054 050053 047047 051051 048054 048048 055048 055055 051051 048048 048050 050050 049052 050048 050052 053049 050052 047054 050050 048048 055052 046055 051052 047054 050051 052048 055052 046048 054051 050050 046050 055055 054049 053047 050053 053047 048054 055050 053053 055055 046051 047047 054047 047048 047054 052055 052052 048046 048054 054051 047047 053050 052047 047048 051049 049049 048053 054049 047046 050046 046048 049051 048053 051055 051051 052055 053054 047047 048050 055051 048051 055053 047051 048052 051046 054054 055049 050050 054050 046046 052050 054054
i53, 052050 054050 049047 055048 050053 055046 053055 046051 055052 051052 053052 050047 051046 052055 049048 047049 051051 051054 054055 049053 055050 055053 055046 047047 053047 047050 047055 053051 049053 048048 054049 054050 052052 054053 046050 051053 055049 055046 053048 048055 051051 046047 051052 053047 055050 047055 055046 053047 050050 053051 047046 051047 047048 052054 051055 048055 047048 046046 048051 055046 054047 052048 050053 053047 051051 047047 053053 050052 046053 049054 054047 054055 049052 053046 046050 050047 054047 048054 052048 051051 054048 050050 054054 046052 052052 055047 048050 051047 055054 053055 053048 050050 051046 049054 051054 047048 047053 051046 047047 048052
i289, 047049 050049 055055 051048 050055 051052 052047 054048 055055 055054 053050 053050 055053 049046 052049 053054 052051 054054 055046 049054 047053 048054 046046 055047 051046 055047 051051 048050 046052 046048 051052 053048 050052 049047 054046 052053 049051 055055 053052 053049 049052 048054 050046 053053 052055 048047 048055 055046 052048 055046 047047 047052 047053 050053 055055 048055 050050 051046 048048 048051 052054 053054 054054 047050 046047 047047 049049 051054 046053 053053 047052 050046 047053 051050 050046 049052 055054 054048 052052 048051 054051 050050 049055 052052 054048 047049 048047 049047 048047 055055 050048 048049 051049 053050 049048 050049 053047 052048 054054 052051
i415, 053051 050050 046049 053048 050050 053051 055047 046052 053047 055051 048052 046053 047046 051049 051050 051046 046054 053048 048054 052050 052048 051049 046048 047047 055051 048052 050051 048048 053051 048053 054049 050050 051050 053055 046053 053052 051051 048055 052052 052051 051051 055047 052048 053053 052055 048048 046048 051050 052052 055055 053051 049053 053053 052050 048055 050055 048047 055052 048046 053052 049048 052049 054047 052048 048046 050048 053048 050050 053053 048050 052047 050048 046050 053054 052050 047047 055047 051054 046053 052052 051055 055055 051048 048047 052048 046055 053050 051049 048048 051055 052053 049046 049050 054054 049047 052050 054053 055048 052050 054051
i263, 052046 049048 052055 053048 053050 052047 047055 051046 055051 053047 053054 047047 051055 048046 054052 055046 052052 054053 048055 053048 048046 053053 046046 049048 046047 050050 053049 048048 050049 047046 049049 049050 050050 049049 052054 050047 051050 048055 052052 047055 051052 047047 048053 053055 054050 047053 053054 053053 049055 049046 051052 049050 050055 049054 048055 055052 054054 052049 048048 055052 053049 051048 054047 049050 049047 055047 049048 047055 050047 053051 050047 054050 047051 051053 049053 047046 046055 048046 055052 050055 054051 051047 051049 047047 052054 047055 050052 055049 047055 055051 053051 052051 054047 054055 050051 054055 054053 052050 050052 052054
i705, 052046 048051 051049 053054 050050 049049 048053 054046 047048 054051 047050 050046 047053 053052 050054 051051 048054 048048 046047 053047 048047 054047 054046 047047 055055 048050 051051 048051 046052 048053 049051 048054 055053 047048 054050 052051 051047 048055 052052 055046 046051 047049 046048 047047 052053 048052 049054 047050 052052 049051 054054 046048 048051 054047 048051 051050 051054 051051 051049 047051 051048 047047 047052 047047 046046 048048 053049 051054 051053 052049 049054 055050 052053 052053 050050 049052 054052 054046 052048 051048 049049 050054 051052 046055 052048 049047 054047 049049 052051 053055 050047 047053 052047 054054 048052 052050 046053 051048 054050 052055
i721, 050047 055050 055047 048048 055050 049052 055046 054048 047049 047050 047050 052055 055048 050051 049049 046051 050054 051053 048050 048053 048047 048053 047046 048054 048046 048047 049051 048048 055050 054048 052046 055053 049051 047046 046052 052052 046055 049055 055051 055048 048049 052054 054051 053052 050055 048052 049049 053050 052052 055048 052054 054054 054052 052052 053051 055055 048055 054046 048048 050049 052053 053049 047054 049055 054046 050047 051053 052050 053054 051052 046048 051047 051050 053053 048054 052049 055054 048046 055052 052051 055047 049051 055052 052048 052054 048047 051050 055051 054051 048053 048047 048049 050053 054049 050050 054055 054053 048047 054052 054051
i28, 047047 054050 051051 051052 050050 047047 053055 046053 047051 055055 048047 052047 047055 050052 049052 051054 052048 048055 046055 046053 046047 054046 048046 053047 055049 048047 046051 053048 046049 046046 049049 053049 050052 047055 054046 053050 051047 054055 049046 055047 049052 048047 048048 055047 051050 050046 054052 046053 052052 053055 051051 053051 048051 052050 055055 052055 054054 055054 053054 052049 053054 053049 054054 055048 048052 049047 054053 050050 052051 052050 053048 055055 049049 052053 055054 052047 046047 052053 053052 052050 051055 055046 049048 055055 051052 055052 051053 051049 046047 054051 051051 048050 051049 054054 051048 051048 054054 048046 050050 049054
i659, 055047 049050 049047 048047 054054 052051 055047 048048 055047 053050 047047 046047 053055 055051 048052 053051 054051 053046 054052 053054 047047 046054 054048 055048 046048 055048 051051 051048 052046 051046 049049 050049 053051 053049 054052 052052 051051 055050 055047 052052 046048 049048 049050 053047 051050 050051 051048 050046 052050 055055 046054 054048 051053 052049 055053 048050 046055 047051 049048 055052 052048 048051 047054 051050 055055 050048 051051 054055 047053 055048 048053 050046 048049 053046 048050 049049 051052 046046 052052 047052 054051 054047 051052 054050 050048 052047 053052 047047 055047 055055 054046 047046 050050 055055 051049 049047 047054 050051 052052 052052
i587, 055048 052054 051055 053049 050050 053047 052052 046046 054047 055049 053055 048047 053053 046049 054052 054048 054051 049048 055046 053053 048054 048046 046046 054055 046046 053053 046053 050053 046055 048048 049049 054053 050050 053049 050046 053054 048050 055048 048052 055049 051048 049048 050050 053053 053048 055055 052046 052052 052052 051049 050051 054049 055051 050050 051055 050050 046048 055051 048048 052052 047048 049051 047054 050050 049052 047050 049054 050052 053055 051052 050052 046055 053052 046053 054049 049052 054052 046047 048052 051054 049055 047051 048053 047054 050048 054046 053054 055051 053052 053051 051046 053048 051046 052054 051051 052050 047046 055048 049054 054050
i140, 048052 046055 051047 047048 046050 050049 047046 046051 048055 050050 047050 054047 055055 052051 050055 055051 052051 048048 047046 050053 046048 051054 048049 048047 053053 055053 046049 048048 050046 055047 052049 055050 050055 046049 055053 054052 051050 049054 055048 052055 049046 048048 048048 053053 055050 052055 054052 052053 052052 055049 054054 049053 051053 050052 051055 048054 054051 055049 048050 051047 054052 054053 054054 055050 047049 048048 049048 052054 047053 052053 055047 054047 048049 051051 046048 053046 054052 054050 052048 050048 049048 055046 049051 046048 048048 053047 053053 048048 050048 053055 051051 054052 051047 050054 047050 050050 054053 055052 046052 048046
i562, 046050 049054 047051 049052 053050 051049 047055 052053 049049 054052 052053 047048 047046 049047 055049 049049 054051 048051 055054 047050 048047 049054 054048 047053 049055 050053 051051 048050 049048 054046 046054 050055 053055 048047 046052 047052 055055 054050 052055 055051 046051 049046 051053 053048 052052 053050 051048 050046 052052 055050 046051 052052 053055 049050 051050 053055 046054 055055 055048 047052 054052 051048 055047 055049 048052 050053 050053 050052 053047 052052 048046 050053 049050 054053 050046 047049 052054 047048 052053 055049 054049 051051 052048 052055 048052 049053 053054 051048 048048 051048 050052 050047 050047 048046 051051 050052 050050 047048 048052 054055
i693, 052048 050048 055049 050052 047050 051049 055047 053054 054055 055049 048046 046046 048049 049046 054052 048054 052048 048048 048047 053053 047055 050047 054046 051053 051049 055051 053050 050050 051046 049055 049052 055053 047054 049047 048052 054047 047050 050048 055052 055047 051046 048053 053048 052048 055050 052047 051054 051053 052052 046046 055053 051053 046053 050050 051053 048054 054048 049051 048048 047046 052054 050046 052052 050046 055051 055047 051055 054051 053053 053047 053050 047048 051049 047053 049054 049051 055047 046046 055053 051052 046049 051051 052046 052055 054051 054055 051052 055047 053047 052055 046050 049052 050049 054050 051055 047052 050054 046046 050054 054048
i598, 054048 054050 055050 046047 050051 049047 047054 046054 053049 048047 048047 046047 053047 052049 052051 048055 048052 054048 049047 053048 054050 046052 046048 048050 053047 048050 053053 048050 046051 055055 050049 050055 050049 053049 055054 048052 052050 050054 052053 047055 049051 046048 050051 053053 050050 046055 054046 053046 050048 055049 054055 053053 053052 047050 048053 050051 048051 051049 051048 047052 053048 048055 055054 055046 051047 048048 052049 052050 053055 052049 047050 054055 049048 051052 054049 047050 047054 046048 047052 048055 055051 051054 052048 052052 049053 052052 048053 054048 048050 055051 051048 054048 050053 051055 050051 054049 046046 046046 054053 052052
i24, 055047 051049 047051 047048 053053 053047 052050 048054 055049 055050 053051 052047 048054 048049 051052 049054 052054 048054 046050 053050 048055 054053 047050 049048 051048 050046 052051 049047 049046 055051 048049 048054 055051 046048 051046 054052 051049 050055 051053 055052 055052 047048 053050 049048 054055 050047 048052 046046 051049 051055 047054 052051 053055 050050 048050 053048 048048 055046 046050 052053 051054 049051 050050 047047 051051 047048 049049 052052 053053 048051 048047 047055 049047 053054 049050 047049 046054 054046 048055 048048 054046 046046 048048 047048 052048 052053 048052 051054 047048 048050 050051 052052 047050 052054 055048 049047 055054 046047 049052 049054
i208, 055051 050052 052052 053049 055055 048047 055046 048046 049054 047048 054047 048053 048051 046055 049049 051049 052051 050050 047050 053048 052047 051046 054054 055048 055055 050050 051051 050054 050050 046053 049049 050055 047050 047048 053046 052048 050051 049048 053055 055046 049049 047047 053054 053053 050049 053055 048048 046050 052050 055055 055055 053052 048054 052053 051051 052053 048054 047052 051048 052046 048051 053049 047053 051047 055046 053047 051053 052055 046054 052053 052049 047054 049050 054052 046052 047049 052055 046047 048048 052052 055051 050055 047046 049055 053050 055047 050048 051048 047050 055048 046053 047049 046047 049052 055054 054049 053055 047049 050049 054048
i179, 046048 050054 052049 048048 053050 047055 052053 046052 049055 052047 046052 050050 052051 046046 049051 053049 051048 053049 048049 048048 047054 054050 048054 050051 046055 051050 051048 048048 050048 046046 049054 053050 054054 048049 046046 048051 051051 050048 052052 052050 049048 047050 046052 047053 055055 055046 046049 052053 050052 051055 048054 052053 054053 050054 051054 048055 049048 051055 051051 046055 054049 050048 046054 050055 046049 047050 050053 050055 046053 050051 053049 054052 049047 046053 050049 050047 055048 046046 055048 052051 051051 051050 052052 047054 048052 055055 047052 047054 048047 048050 048051 047049 050050 052054 049055 049053 053054 055055 052050 054046
i555, 055050 047051 055052 053050 050053 047047 047048 049048 049049 046052 047046 048053 046055 050052 052047 055054 052052 050054 053050 046051 054053 055050 047054 054054 055051 050051 051049 050050 052052 046051 049049 050053 050047 049048 050052 052054 049049 048052 053053 055052 046055 048055 054055 047047 050051 055047 048046 053053 050052 053049 054047 050054 053053 052052 055048 052051 048047 052055 047051 047046 048047 048049 052053 047052 053051 046048 054055 052049 055052 052047 047050 048053 053049 051054 049053 049049 055054 046046 055048 052048 054055 051051 048051 047046 050048 055048 050055 051047 048053 053053 051051 048055 051047 051051 049050 055050 053046 047049 050049 051054
i588, 051055 049054 048052 048051 047050 049052 047047 046051 051055 055050 048053 046050 046052 049048 054052 051051 048052 048046 054050 054053 048052 049046 047050 047047 047048 048055 051053 051054 046050 048046 049049 050055 052050 049049 050055 051047 047053 048050 052052 049046 054053 048048 050048 047055 055048 046055 052054 046053 052054 046051 054054 046052 054051 054050 053048 050055 048054 055055 051048 052055 047051 048046 053047 047052 049051 050053 051049 052052 053053 048049 055046 050051 053051 051054 048054 049046 048046 053050 052047 047054 053054 051055 055047 054052 048052 047052 054055 047054 047050 050053 050046 047048 049051 051046 049049 054047 050049 048046 050052 052054
i406, 047050 054049 046055 053052 050050 046049 047053 054054 048049 050049 052048 047047 051051 046046 050054 051054 052054 054048 046050 053054 050047 054054 052047 047048 046046 050048 051046 051051 046046 050047 049049 054053 050052 047049 050055 048046 046049 052054 051053 055047 053051 049055 049051 055048 046050 048055 052046 048053 051052 049054 053054 046055 051053 049052 055048 053055 048053 047053 052048 052052 049051 049053 047047 050047 052046 048049 048054 051052 049053 052050 049047 046054 051049 052052 054054 047047 052055 050046 054054 053051 051054 046047 049051 052052 048054 055047 053053 049048 048048 053050 047054 050055 049053 054052 050050 047055 053053 050049 055052 051050
i54, 052053 048052 055055 051047 050050 049047 048047 046046 051055 050053 053052 052052 055048 048048 048050 054048 054054 054051 050048 053048 052053 046050 046051 049049 055051 048053 049052 051048 050055 050048 049049 052055 052052 049047 046054 052051 050051 048054 053047 052047 052049 054049 048054 051048 055053 047055 051049 047050 052051 055055 046054 049051 053051 047052 048051 050050 048054 051051 046049 052055 055052 053051 047054 055055 047055 048047 053053 052052 053047 048049 053049 050048 047049 054055 050050 048046 055054 051054 047046 051051 054051 046051 052055 047046 054050 055055 053048 051047 048055 055053 054050 047047 047053 050047 048054 052052 051053 048048 050050 052053
i450, 050047 049049 046049 053048 051050 052052 055046 048052 047052 053055 048048 048047 048055 046046 052054 051051 051051 048055 055050 053048 047050 048048 046054 054054 053046 053050 051055 048048 049054 051049 047049 048046 050053 047049 050054 054054 051050 054047 053052 047051 051055 047048 053048 047053 051046 048047 053049 053050 052052 048052 054051 054046 048050 052049 051052 050050 048050 055049 050051 049052 047054 048053 053054 049055 048052 053047 053049 051052 055052 055050 046049 050046 047047 054052 048051 053049 047054 050054 055052 054054 049054 047047 051055 054055 052054 055052 050050 049047 051048 053051 055051 055047 049050 054049 055051 053047 055046 051055 054052 052055
i255, 046049 049050 049052 049053 050050 049051 055048 053053 049048 051050 048047 047050 048054 046051 050049 051051 054046 048048 050049 055048 047046 048048 052047 049055 053053 050050 051046 050051 055055 046046 054050 049054 052050 049048 047055 050052 051050 050050 048048 051052 052050 048054 051053 053053 051051 055046 046046 052050 052050 055046 052048 051053 053050 050047 048048 055055 047048 055055 055055 049052 047051 048053 050051 050055 051047 046054 053048 054052 053053 048054 055049 050050 046052 053053 050050 049048 046047 046046 053054 048051 054052 051054 051052 047052 048052 048049 050049 051055 047047 051055 050046 048047 051053 054054 051051 050054 053050 046048 050050 054051
i688, 052054 050050 055055 051051 053050 047051 055052 054053 054047 053055 046052 048046 055048 046046 048048 048049 048053 049046 055048 048053 047048 051046 048048 051050 046055 053046 053055 051051 052050 055050 054054 050055 050053 049049 052046 054051 047052 054051 048055 046052 049051 049054 048048 053048 050051 053046 046054 046052 047052 049049 053051 055049 053053 052052 055048 050054 051051 052051 055051 052052 051052 047049 055054 053051 055055 046046 053051 055055 046049 053052 048052 052050 051049 052047 050048 049049 047052 054050 053053 048051 048054 050055 049048 053047 054048 049046 050050 049055 052047 053053 050047 047047 053049 055049 048048 049054 050054 049053 049052 053051
i20, 052048 049050 051055 050047 055051 047049 046048 054054 048047 054055 053048 054046 054054 046046 054052 055054 054051 046048 046048 047048 047047 046046 054049 055049 051051 051048 051047 048048 046051 046048 049049 053050 050047 048053 046046 052054 054050 048047 053048 049052 050049 050049 049048 053053 051050 053055 049049 048051 052052 046055 053054 052050 050050 047052 048051 055055 047054 047052 048051 052047 052048 048047 047047 047048 051055 048055 055050 049054 051053 048049 047049 050054 049048 046051 049048 050052 055047 054051 052046 052049 049049 055050 049051 051048 048048 047055 050054 054047 054048 053051 051051 054048 051046 046054 048049 050050 055046 055046 052050 048050
i528, 047047 050054 051047 053049 050046 047049 047054 048051 048049 055048 048047 050048 051055 051048 049050 054051 052052 048051 046048 053050 047046 048051 047046 046047 047053 050050 049049 048050 046050 048046 054054 055050 048047 049055 050054 052051 049050 049049 048047 047046 051053 048054 055054 053047 050052 055055 049052 048053 054048 055048 047054 049054 053046 054049 048048 055050 053047 046055 051051 049049 055051 054050 047055 049050 046055 052048 048052 055052 046054 048052 049049 048046 049049 054054 050052 048047 047052 046046 048052 050051 051054 051051 054052 055054 048050 049054 048050 054051 049049 055053 051051 048047 046053 054055 051052 050050 053047 051055 052050 052053
