point 1
gen 0
lala land
l46
l34
l17
l33
l36
l92
l83
l30
l27
l4
l70
l62
l32
l90
l50
l49
l51
l41
l29
l86
l54
l63
l55
l87
l93
l84
l59
l16
l60
l13
l76
l89
l82
l57
l64
l53
l65
l71
l44
l1
l67
l56
l43
l0
l40
l9
l37
l47
l91
l75
l19
l68
l95
l72
l79
l39
l69
l85
l45
l61
l97
l25
l21
l66
l11
l7
l18
l35
l38
l99
l81
l26
l98
l48
l80
l6
l22
l5
l20
l77
l3
l15
l12
l74
l10
l42
l88
l78
l23
l73
l24
l2
l94
l58
l8
l52
l96
l28
l31
l14
Pop
i74, 048046 055048 051055 046048 051049 049052 054054 049052 046046 055049 054053 053054 050050 047051 055046 053049 046049 055052 048050 048049 050049 047052 047054 047049 048052 048048 047046 054048 052052 047055 053049 052052 054049 048052 055055 048048 052047 048055 055046 050048 048048 055054 052049 047047 055051 047054 053049 047055 055049 053053 053053 053053 051046 046052 046053 052052 054054 048051 051047 052050 050052 048048 049051 053046 047049 054049 048055 048051 050055 052052 050051 051046 055055 048046 050050 048053 049047 050051 054047 047047 050049 048053 048051 047050 052053 050054 054046 053053 055052 053048 046052 050052 053047 049049 050046 050052 050053 050047 054049 047049
i91, 046046 047055 054052 053052 054052 050047 048051 054054 049053 055054 054053 049053 053050 047055 047053 047046 047051 055052 050046 048046 047051 052052 055048 047053 052046 051050 046046 049049 049054 055047 052055 053054 054048 048050 046050 049046 051052 050049 048053 053050 048049 046054 054047 046049 051055 050050 051047 047053 055048 051046 047053 054054 055050 054049 053048 053054 054048 047052 055054 047046 050052 051052 051047 053049 048047 051055 055046 049054 055055 049054 054047 047049 051053 051046 051051 048048 053054 054050 054054 049047 050053 048053 054048 055053 052055 055055 054053 053054 051055 050052 047047 051053 053052 049048 050048 047050 048048 046050 051047 047048
i51, 048048 050053 052051 048047 049054 050047 046053 054049 047046 054046 050046 048047 047053 051051 052046 047048 046046 052055 047048 049051 049050 046050 048050 047050 049048 051050 046052 054046 049053 051053 054053 046054 049048 052049 050050 046052 047051 055052 055046 050048 049052 051046 050054 049049 051048 046053 051049 051051 049050 053048 047052 049051 046055 046046 051051 054051 049049 047047 050055 052049 050047 047051 046047 053050 048049 046049 052048 051046 055052 046054 048046 048046 048047 046051 050046 052053 052052 055050 048049 047053 048048 047048 051047 047047 052051 053054 046048 054053 055052 050052 052048 048051 047053 048048 054046 050047 049053 046046 047051 047048
i202, 046046 050050 052053 046054 046049 047047 051049 049050 055047 047053 053047 048054 050053 055048 055046 048049 046046 055054 048048 049051 047051 054054 051051 050050 051052 050052 046046 054049 052052 055049 054048 047055 049052 054050 050050 048047 051047 055049 048053 047052 048052 055047 054051 050051 046048 055054 046046 047052 048046 053048 053050 054049 046051 049049 052050 051051 046052 049050 048050 052052 047047 052050 046047 053055 048053 053054 046049 051049 051046 052050 048048 047055 053053 046049 053046 055053 054049 052047 049054 054051 050050 053053 046046 054049 052046 052050 046049 054050 052052 053052 047052 050047 047046 051047 049053 047048 050053 050050 047048 048051
i343, 046055 050048 052054 047055 054054 047054 051049 053049 047049 053053 050051 051051 050050 055047 047046 048048 047055 052052 048049 052050 047050 046054 055048 054049 052049 048048 054046 050048 053053 049052 046055 052047 054048 052050 054048 050046 053047 052046 049052 049046 053049 046049 047049 051047 046051 054046 053051 051054 046053 052054 052053 054054 051048 050052 052050 053048 046050 050051 054047 052052 050050 052046 046047 052049 052048 055048 046046 051054 050048 055047 048051 054046 055053 049051 046046 048047 055049 050050 054049 047047 055047 051053 053051 046050 049053 054050 046046 054047 052047 053051 052050 046047 047050 049048 047052 050049 046047 050051 047054 048050
i159, 055049 055048 049055 054050 054048 051049 053050 053049 046046 047054 053055 054053 052048 051051 053046 048048 051051 052055 052048 050047 053049 046052 055055 050046 049046 053051 046046 054046 046054 050055 055052 054046 051046 052054 049050 055047 055052 050048 055055 048050 052052 055055 047050 047047 051048 049054 049052 055054 051053 047048 053053 047053 052052 050049 051050 053054 054046 053048 047050 052047 054052 050052 047051 055050 049048 046048 055046 051050 055047 050055 050047 047054 050047 047055 047053 047053 054048 048052 046054 047051 050054 046054 051051 054049 051046 050052 054051 054052 046047 053051 048051 047050 053048 047053 046046 046047 053048 046046 054051 048047
i542, 048053 053053 052051 049051 049052 050047 053050 053049 054047 048054 053054 047053 048053 051049 050052 053047 046047 052052 054048 050052 051051 052052 051055 050053 052052 051048 046046 050054 046051 053047 053052 052054 049053 046048 054054 047055 047047 048053 046055 053047 052053 055054 052047 047047 052051 049054 046049 051047 054050 048052 050053 051049 046051 047052 050046 053052 046048 055049 055051 046048 050050 054048 047047 049052 053053 052046 048046 051051 055055 046054 047048 046047 053054 046046 046053 052055 053049 052052 054049 047051 050053 054051 048054 050053 055047 050050 055048 050047 051052 053053 053049 050047 053049 047053 046050 050052 053047 047046 055051 048053
i259, 048053 053050 047046 049055 047052 050047 051054 049049 046047 054054 053055 047047 053046 052047 050052 048048 051051 055052 048048 049051 050047 050052 051054 053050 052052 050051 054052 053054 052054 051053 046048 054046 046054 046052 048050 055046 052051 049052 055053 048053 052049 051051 050047 053047 054048 050055 055053 049047 050046 053053 053054 049054 055050 053049 053053 053049 049046 046049 055047 047047 047050 046050 047051 049053 049047 046053 048046 051046 055050 054046 048050 054054 053054 050050 051051 052052 051049 052054 054052 047051 049055 053053 046053 051050 048048 049055 046046 046046 049046 054049 053048 053051 053047 049053 047047 048047 049053 050050 050054 049048
i218, 047047 048047 046050 051053 046054 054050 047050 054053 049046 049055 047051 053053 052047 046051 052054 047050 047051 055049 055048 046051 050050 054054 051055 048050 052052 048050 048054 046048 052053 052047 053050 046055 054046 046050 049055 048048 047051 048055 046049 050050 055048 049055 050051 047051 046049 049048 049047 055047 051046 055053 053053 049049 050052 050054 051050 053052 054053 046049 047051 052052 047050 046050 046047 050050 048048 055046 046052 051049 055046 047052 048046 048051 050050 051051 055049 053049 055048 055055 046047 047051 049049 054048 048054 050047 047048 050049 046048 054047 052052 048053 047046 047052 050049 053054 047047 052048 053053 050050 047047 053048
i6, 052046 053050 049046 053054 053054 050047 055048 054049 053053 054047 055052 055049 047053 048055 052052 053047 047051 051052 048046 054051 049051 046052 046046 053046 052052 048048 052046 049048 048053 052048 050050 047047 053046 048050 050049 055055 053051 049048 047050 048055 050049 049047 047048 051048 046052 049054 053055 047055 048046 053053 052051 049049 050050 049046 050053 053050 054047 047046 047051 047047 050048 046054 046051 053052 052053 055052 049048 051054 050050 054052 048048 053047 053055 049050 050055 048047 046050 055052 046054 054054 053049 050046 046054 048055 050052 055052 048055 046047 046050 051048 051052 046050 046053 050049 052046 051046 053049 050047 051046 048048
i486, 055048 053053 049054 050051 051054 047053 048048 052053 054046 052049 047046 053049 051055 050055 054050 050048 051047 055052 048048 052050 051050 046054 055047 050049 053050 053050 054055 053050 052051 052053 050053 054046 049052 050050 048049 048047 052052 048052 053046 048047 049048 053047 047051 051047 046046 048049 049046 051055 053053 046048 055053 054051 050046 047047 051051 048052 055050 051046 051051 048046 050046 048047 050049 046049 049052 055055 049046 054051 048052 055046 050049 046047 053048 054051 050052 055048 049049 055048 054053 052047 048049 052052 048046 053046 051052 055054 046046 051050 052046 050053 051049 046050 053054 053053 052052 046055 047054 050050 051047 047048
i610, 048052 053053 052051 047051 052051 050049 049054 050054 050049 054053 053053 048049 046054 054054 055054 048048 051046 052048 048048 049054 051051 047052 046050 048052 046050 055050 046052 054054 052054 048052 055052 054046 054054 047049 055050 048049 051052 055053 055055 055055 052052 055047 052052 051054 047046 053047 053049 047054 050046 049047 052047 051047 051055 046055 053052 055050 052046 055053 054047 052052 051047 053047 046047 051052 053053 052052 048052 047051 048055 054052 049050 046046 053051 049055 055052 048055 054052 048055 053046 055047 055050 053051 050048 046053 052048 055054 054048 047047 049052 053052 052053 050047 053053 055051 047052 051050 049050 047046 047051 049047
i40, 048048 050048 049052 053053 052054 050047 050054 055054 046046 055053 053055 053054 050050 052047 054050 053051 046046 055055 050048 051055 051047 052046 052048 049049 052048 053048 046052 050049 053047 047049 047053 049047 047051 048054 055047 055050 047054 055048 048055 048048 049052 055046 054053 051051 052055 047049 049055 054047 051049 055054 053046 054051 052046 047047 052052 054052 046054 055047 051055 047052 050047 048046 051047 055053 047052 047055 053047 054054 048055 050052 049048 051048 048054 046048 048047 055053 049050 052047 048052 047047 049050 048053 046051 050050 046051 054049 048046 052054 055050 051053 047048 051048 048047 053049 052051 052050 050050 050050 047051 048051
i44, 049046 053050 051052 054047 048051 050050 054054 049054 046046 054047 049053 049051 050047 055047 053053 049049 047054 052055 050048 055049 052050 052049 048047 050050 049048 047053 052046 053054 052052 047053 053046 054052 051054 054050 055050 048048 052053 055049 049055 048048 048048 047055 048047 047051 048051 049054 046054 053051 049046 053053 053047 051051 050047 046054 052052 052048 049053 046051 049050 052052 047050 047048 046047 055055 048048 046055 046048 051054 051050 052054 052048 047046 047055 049046 052050 048055 049055 049051 055054 047047 050049 048054 055051 047047 051052 050051 046053 047054 054055 050053 048055 055053 047053 053055 046053 047051 046050 046046 047046 048049
i666, 049046 048053 047052 049054 054046 054047 048051 055046 052053 055049 051050 053054 050050 051049 050052 048048 051046 052052 051048 055049 049051 055052 050047 052047 048053 053048 052052 049049 052052 052052 053055 049054 049050 052048 050054 051048 054054 055048 053047 048048 048053 054047 047050 047047 048055 046050 049055 051054 050046 053046 046050 053051 046046 046050 055050 047051 046047 048047 048047 046054 052047 051048 047049 055053 047048 055055 048055 054051 055048 052049 048050 046047 048051 048049 055052 053050 047048 052055 054055 052049 047049 046053 046055 048049 052052 051049 046048 046047 049054 052053 055046 046047 048047 050051 053052 047050 053047 054050 047047 051048
i248, 048049 050053 053052 053053 049051 050047 049052 049049 047047 047047 053050 052048 047049 055050 052055 048050 047051 055050 048048 050051 050049 052047 051055 053053 050049 055055 052046 053054 049051 053053 055053 047046 049048 049052 055049 052048 047053 055051 047048 049050 052051 053055 047047 047051 046047 048049 051051 047055 053048 055053 053047 054051 050052 052049 050048 050050 049049 046047 047050 052052 052054 047050 047051 053051 047049 051052 055048 054051 050055 046054 048050 054049 054053 055048 052051 048055 052052 054047 054054 052047 049047 051053 046050 050052 046048 050055 055046 049052 055052 050051 048048 047051 053053 049048 054048 050055 053050 050049 051051 049053
i532, 048046 053050 049047 046050 054051 049050 054053 049046 054053 055053 052053 053047 047052 052049 055052 048047 047048 052055 050048 049054 051050 052054 046048 050046 050054 051048 049046 049054 053052 047049 052052 054053 053048 055048 055049 050048 053047 053053 048053 048047 052049 049055 054046 051049 046051 054050 053048 051053 054049 053055 053053 054046 050055 046050 051053 049049 054046 049049 055055 050047 047052 047052 047047 053049 049052 052051 049048 054048 048050 046052 048048 047054 054051 046046 048055 048048 051053 048053 053055 051047 050052 053053 048048 050055 050055 050049 048051 054054 047051 053053 051052 050050 048053 053049 046047 052049 047048 050050 047046 046048
i595, 048047 050050 055047 055047 049054 052050 051047 052046 055048 052047 051047 049048 050052 055052 049051 047047 047047 052055 048048 049054 050047 051054 055050 046053 052052 048052 046054 046054 053053 047055 053050 049054 053051 055050 055047 048050 053054 055046 055055 050048 049055 047055 054048 051048 048046 051051 053049 053054 054046 046053 053046 054054 050052 055055 052052 054051 054051 047049 053055 053046 050052 050047 053047 055055 049049 049052 055048 052049 046051 054048 047047 055054 053051 054055 052048 049048 047053 048047 048055 051047 050050 051052 046048 055054 049054 054050 046054 054052 052055 051051 052053 048050 048053 050048 052051 052048 053047 050050 055050 048048
i498, 048046 053053 050052 046055 050048 050050 054053 055053 055053 049055 046051 054053 047050 047048 050047 048054 051047 055052 046048 048051 052048 052046 055046 048046 049047 050053 046046 054049 052053 049052 055049 049046 051054 052048 054050 046048 047051 052053 055053 048050 052049 055049 049049 052047 046049 049049 050053 049053 049049 055046 053047 054049 052050 052046 046048 048051 049046 055051 050047 047055 047055 054048 046047 049049 052047 055055 053048 054051 055055 054052 048054 051051 049055 055054 052046 055048 048048 052052 054053 047047 053049 053052 050050 048050 052048 055050 046048 047046 046052 053053 046049 049053 048047 053054 046048 049049 053049 051050 047051 048053
i685, 049048 048053 049049 055053 046054 047047 051053 049053 046053 053048 048047 054049 050054 051051 046053 048049 047047 053052 046053 055054 054050 053053 048051 053047 052046 050050 046046 054046 054049 047047 046050 047049 052048 049050 050049 048046 047049 053049 055046 047048 050052 049055 050052 046047 048051 050049 051051 049047 053049 055053 047047 047049 046055 047046 052054 049053 046046 051049 055047 051046 047050 047054 047047 055051 053053 047055 052049 046048 048055 052046 050048 054048 050053 046051 050046 052048 052054 052054 046054 051054 050053 046052 050048 049050 046052 055050 046051 046052 051046 052049 049048 052047 052053 051051 053051 052047 053050 052047 047052 049049
i17, 053053 053048 052052 048055 052048 053049 046048 051049 046055 053055 050047 053049 050047 055048 047054 048050 047051 052055 048049 049049 050051 046054 053048 047048 053050 053050 046051 054053 053047 047047 055053 046054 046054 047050 049055 051046 053054 046046 051055 048048 051049 049049 049051 047047 051051 054054 051051 053051 053053 053051 053046 054051 050050 050046 052048 054053 046054 052055 054051 047052 050052 051047 046047 051049 050049 048052 046049 049051 055055 052052 047050 046054 048048 054055 053050 046052 053054 051047 052050 047047 049049 051052 048050 047050 052049 052055 055053 046054 055055 051053 050050 050048 053053 051049 051052 047052 053050 054046 047055 053053
i527, 052054 050047 047049 049053 052049 053050 051053 050050 052047 047052 050051 054053 053047 052055 052050 048048 051047 052055 048053 054054 049050 054052 046050 055046 050052 052050 046048 053054 053049 047052 047053 052049 050049 055050 054046 046050 051047 050053 046049 050050 055053 055054 054051 051049 055052 051054 049051 051051 048046 053053 053053 051046 049051 053054 048048 053052 054048 049051 050047 052047 054047 046052 047046 053053 048049 052049 047055 054051 048055 046054 054050 047046 053053 051048 051051 055048 049048 050055 052052 047047 051048 053050 046049 050047 051054 055050 051055 054050 052055 051048 047050 049046 055055 048048 048051 047050 049048 054050 047051 049047
i266, 049051 053050 049052 054050 052047 050050 051050 053049 046046 053054 053047 053053 053054 052051 049055 048047 047046 052055 048055 050046 049052 051047 047048 049047 052054 050052 052046 050050 049053 055049 054053 047046 049051 050046 050047 051048 052047 050055 049046 050055 048052 054053 054047 047050 046054 047049 049049 047053 048049 053052 053051 054049 051050 047047 050050 052055 048054 050051 054051 055050 050052 054046 046047 055050 049048 046048 053046 051051 048048 046052 048048 052046 048053 051049 055055 049055 049049 052051 052051 052050 049048 052050 055050 049048 047051 053049 050048 046053 047049 048050 052051 047047 047048 048048 047046 050051 053050 050050 047049 047050
i97, 051046 050054 046049 053054 051052 051053 051054 046054 046046 055055 047050 050053 053055 055049 047052 050050 046047 046055 051048 054048 049050 055053 048046 047053 049054 051053 052048 046054 052046 053046 055055 052046 049046 048050 050052 048048 054054 053052 049055 048050 052054 055054 050055 047051 048052 054054 051055 053047 046046 048052 047047 047054 051046 050050 052048 052048 046047 049046 055050 048053 052052 053048 047047 055053 052048 052052 046052 055051 048055 049049 046049 047051 053051 046055 046050 055048 053053 052055 054053 047047 046050 053052 053052 050053 052052 049055 046046 046054 054053 052048 053049 048050 047047 053049 055046 052052 052053 050047 048048 049052
i613, 049048 051054 052049 051054 047046 050050 054051 050049 046046 053049 047051 054053 050050 046052 047052 046048 049046 048047 053048 054054 050051 046052 055046 053050 051050 050053 052051 049054 047054 047049 055052 054046 054053 054048 054055 047050 053054 052055 055050 050048 049052 050054 047049 052047 048052 050049 050051 054051 053053 053048 053047 054054 055051 049046 051048 048053 054054 049050 051051 053052 055054 054046 053046 053051 053049 055049 052048 054049 055046 054046 048050 047051 053053 046046 046047 053047 052052 053055 046054 047053 051052 053053 051049 050053 051052 055052 046048 048048 046054 050048 053054 047046 047055 049048 053050 050049 049047 047052 046050 048051
i760, 048048 051053 052054 051047 046054 047049 050048 054052 046049 049054 053047 053048 047053 047050 049055 053048 048046 052055 048047 051047 050050 047052 047048 050050 052052 046050 046048 053049 052052 053048 055055 055054 046052 054046 050050 055050 052047 049050 053046 048048 049049 055049 050051 049049 048048 050050 047055 053047 048049 046055 047051 054054 055055 053053 053053 053047 047048 050055 054050 048047 050054 047046 053053 053051 047053 052049 053049 046051 055055 052054 048046 050046 055050 054049 053046 048047 048054 050048 047054 055047 049048 052051 046049 053053 047052 050052 050048 054047 050049 053051 052055 050053 053053 047053 052052 048052 054050 050048 047049 048053
i723, 046051 053055 049054 053049 046052 047049 048054 053049 046047 047052 046049 054047 050052 049049 055054 054048 047047 046052 048048 049054 051051 052047 050052 054050 048052 050047 046054 054049 053052 053048 050053 053046 054048 048052 050055 048048 054054 055049 051051 050050 050052 055049 052047 051047 055048 054054 051053 047047 048046 048052 046053 051051 052055 047055 052046 047050 046053 051054 050051 046047 052052 051052 053046 050051 048052 050046 046048 051054 055048 052049 046048 047046 050053 046046 046047 048048 050047 055050 047054 047048 048050 048052 049046 054047 053055 055050 055053 046053 046052 050052 055052 047046 049053 046051 052048 050050 049052 046048 047054 047048
i358, 053049 053053 052047 053046 051050 047050 049048 053053 055046 055055 053047 050054 046049 049051 051050 048053 047047 055055 048048 051050 052055 047047 055047 046050 052050 050053 049055 054055 053049 051052 047050 052046 052048 054046 055050 050046 054047 055048 047055 048048 052049 046047 048047 048047 051046 050054 049049 052047 046053 048047 053055 048053 052055 053050 053050 047050 047046 049047 048051 052052 052050 050054 047047 053053 052049 052049 046055 055054 055048 047047 051047 047046 053047 050048 047049 048052 054052 052048 052049 052051 054050 051054 049048 053047 051055 050049 051048 052051 054055 054048 048047 048048 053053 048054 050046 053051 050052 050054 049047 048053
i365, 051048 048050 051051 054053 051051 049049 051046 053053 046047 051053 053055 050048 047053 051051 054055 048048 051047 052050 049051 048048 048050 054047 054055 055050 053048 048050 052052 050055 054053 049047 047055 046052 054054 052055 047050 048046 050052 055053 046046 055055 049052 047047 047047 053047 051046 049047 052049 054047 050050 048047 053047 054051 050050 046055 053050 052053 054047 048052 047050 052051 054050 050046 047046 053050 052048 053055 055046 054051 055055 054052 046049 052051 049055 046046 052047 047053 050046 050055 049054 047047 048048 053050 046046 048055 051047 052052 051055 046053 046050 050048 050048 050048 053053 055047 046054 047046 049053 050047 052049 053047
i224, 046048 055055 051054 051054 051048 049050 054054 054051 046046 047055 046047 050053 050050 049051 055054 047047 046046 046050 047046 049049 050050 052052 051055 050047 052050 050048 049046 050048 052052 051047 047049 047047 048049 046050 050055 049046 054047 049055 046047 050050 048052 055047 047047 051047 051046 053053 049047 055055 053054 053053 050047 051049 052052 046046 052050 048053 053046 049055 049054 048051 050051 052046 046047 050053 052048 048046 053047 054049 048048 050051 046049 051055 053048 048047 047046 046055 049052 055055 054054 047047 050050 053053 046054 054053 053049 050049 054051 054054 049048 048053 053047 051050 047053 049053 052047 051053 053052 047047 048049 048053
i273, 053048 055053 047052 054048 051048 047053 051048 049055 046046 053052 046053 054054 050053 047055 054052 047047 047047 051055 049046 049054 050046 054052 046051 048049 054052 053053 046052 049046 053047 049047 053055 047052 049046 048052 050055 050055 053051 055055 051050 051050 049049 046053 050049 051051 046051 054050 047049 053053 051051 053047 055053 051048 051050 047046 050053 053052 054049 047051 055054 052046 052054 046051 053049 054050 047047 049052 046046 048051 055046 055050 048048 046053 047053 051046 052055 054055 052047 050050 054053 055052 050048 046053 050046 050048 047047 049049 053048 053047 046048 053055 046046 050052 052048 053048 046052 050055 053046 048051 049051 048048
i408, 050048 053055 051053 048054 051054 047050 054053 053046 053046 055054 055046 047053 050046 046049 054047 051048 047051 054055 048053 049048 048048 055052 047055 050048 052050 050053 052046 049050 052052 047050 052050 055047 046047 050050 050048 055047 052050 055047 048055 048055 049049 047049 054047 047051 046054 047051 055049 053051 054054 046053 048053 049051 055050 046046 050048 051050 047047 050046 055055 046053 055046 048052 053046 053053 052049 046052 049053 051051 047051 054048 048055 051054 051048 049055 052047 048049 049054 050055 054054 047054 048048 053053 048052 050053 055046 054049 051049 047047 047052 051053 052052 047046 053053 048048 050046 051051 050047 050046 048047 050054
i70, 046048 053054 047052 053054 046052 047051 051054 049052 047046 049054 053055 054053 047052 052055 054053 054048 046051 052047 046048 054051 049050 052047 050051 050049 050052 052055 049054 054049 052052 055053 048054 047049 049054 050049 050054 046048 054053 055055 046050 055049 052052 047047 050049 053050 051055 053053 054053 051046 048053 046048 053053 053053 051046 054047 052050 053048 054049 049049 054047 052046 047054 052048 046051 047053 052053 049049 046046 054051 046055 047050 050051 047051 048053 046055 046047 047050 052049 049052 053054 055047 050050 046054 049046 054053 052047 054054 046055 049050 050047 046052 049047 046047 055050 053053 052046 046050 049050 047047 054046 049048
i360, 051048 050054 047047 051053 050049 047054 049051 048055 046049 053049 055046 048051 046053 053048 050052 053047 046053 052055 046048 049052 053051 053053 055048 050050 051053 048048 047048 048052 046055 047052 054053 047047 054054 050046 054055 048046 047052 055049 046053 050048 052049 053055 047047 047047 055054 049054 051050 054051 046050 053046 046054 053054 050048 050046 051052 047052 054054 051049 047051 052052 052052 046047 049046 051049 047048 055048 048048 051051 054055 049052 048047 047046 050050 046050 047051 052048 048054 052050 049049 047052 055049 052053 054050 053050 046052 050050 051048 054054 052046 055053 051052 052046 053051 047050 055051 052047 053052 050050 048051 048048
i337, 049046 053053 051047 051049 054047 047054 050046 049049 055052 047055 053046 053054 050046 048046 054055 048050 046047 052055 048048 049052 050055 052047 046051 048052 052048 052055 052050 055049 052046 053049 053050 053054 048048 046052 051054 047046 048054 052055 049050 049054 050052 051053 047047 051051 048052 055055 053049 047054 053048 053053 053053 054054 047046 050046 050055 048050 049050 055049 055054 053047 050052 052052 046047 051049 048050 048050 053046 051048 055055 052054 048048 046046 054050 046050 046053 055048 052054 051052 054048 052047 050053 046052 049052 050050 052053 052050 055055 047053 046046 053053 050051 049048 053054 054046 048053 047051 052053 046047 047050 055048
i528, 048046 055053 047052 046047 052054 047047 049051 049049 052054 054055 046053 054054 053051 047052 047046 048050 048046 052052 048050 052049 053048 054051 053055 050052 048053 048053 046046 054054 053049 053052 055049 046049 055052 046052 046047 051048 051054 049048 055053 049047 052052 052049 051047 047054 048055 047055 046049 053051 054046 048053 047052 051051 048051 053047 052052 052048 047051 051049 054054 053053 052054 052050 046047 055053 052052 048052 049047 049047 050046 048046 046049 046054 054048 048052 047054 049047 052050 051051 049054 047052 053054 053053 046049 055053 054046 049054 049054 046047 055052 051053 053054 046054 048048 055048 046053 050050 053050 048050 051046 047048
i167, 051046 050048 052051 053054 050054 047047 054048 049049 047047 047047 053052 053049 047050 047051 055047 047047 046051 052055 051048 049052 047048 047046 053051 046047 054055 055050 054048 054055 053052 053055 055053 049047 051048 055048 055054 051048 047052 050050 049049 048050 050052 052053 051049 047052 049046 049054 046049 052053 049046 046048 047053 054054 046050 049053 050048 053052 054053 050047 054055 052047 051051 050054 049047 051053 054053 051049 053047 055051 055055 050049 047049 047048 053050 055049 050048 053053 049049 048050 054054 047055 053053 046053 048048 053048 053052 054051 046046 054050 052052 050048 052053 047051 053047 052053 053052 049052 049049 054046 055050 048047
i573, 049046 053053 049050 055046 054049 049046 054051 049052 053054 051049 055052 048053 046050 047052 053054 048050 047049 050054 048048 049054 050050 047052 047048 048047 054052 050050 051054 049053 052049 047049 055052 046046 046048 052048 046054 053048 053054 053050 050046 055048 048049 054049 047050 054051 052052 049049 049055 053047 054046 048049 055053 053050 052050 054053 046046 051049 052046 051048 050047 046049 052052 050051 047046 051053 052053 053055 049053 050051 050048 050049 051051 047047 054053 047050 053048 048050 052054 052048 052049 051049 051047 052052 054050 050052 050052 050049 046053 053053 052047 055051 050052 049050 047055 048050 046052 051050 053050 050047 049053 050051
i284, 046053 053055 049055 054055 051046 053050 054054 049052 054053 055055 050049 047047 050053 048051 053054 047053 047047 052052 046048 049051 052052 047046 046051 052049 052054 051048 048051 049049 052052 052055 053053 046046 049046 052048 055047 050055 051052 053055 046047 055055 053052 046055 051049 047047 046051 049055 049049 047047 046053 048053 053047 046054 051053 046050 046051 053049 055049 053046 055051 048046 052054 046046 049047 048055 052048 051052 049050 051054 055055 047052 048050 051051 053051 047049 046053 053048 049049 050055 047054 047047 048049 047048 048050 049053 051051 049055 048048 046053 046052 051055 048046 050047 053050 053054 053052 051052 049054 048050 046049 051047
i606, 051046 055053 046051 053046 049055 047047 047053 053053 049046 055049 047052 047053 053053 047051 055046 047048 051054 055052 048048 053051 050050 054046 050051 050050 053052 053050 049051 049055 053054 053049 053048 047047 047053 047050 047055 046050 054053 048055 048046 048050 052049 055047 055054 050050 055048 049049 049046 047049 053049 055053 053053 050051 050050 047050 051050 050052 046047 050050 055055 052053 050054 046054 047046 053050 052047 048048 048055 048051 055055 049049 049050 046046 048051 046050 047052 048049 055050 054048 048054 047052 047050 047052 049048 053050 048052 051049 055048 054053 052052 053052 047047 053051 048052 048048 046052 050055 049049 050046 048051 049048
i231, 048046 050054 055049 047050 055052 051046 051052 049046 054052 049055 055050 048053 050053 054050 054046 053054 047049 055046 047048 051051 049050 046052 048046 049053 052052 051051 054046 049051 054049 053055 048053 046052 046054 050047 054050 050048 051051 052054 047046 047048 053049 046047 050047 049055 046046 049050 049049 054054 054049 046048 053053 051054 050051 049053 046052 052052 047048 051046 047046 047048 050052 047046 046047 055051 052053 052047 048055 054051 055050 047053 048049 050047 048051 048054 047055 048055 055050 055048 046046 055047 053050 053052 051049 050054 054049 050049 046053 046052 049055 049052 047052 046048 052053 050054 053052 047052 053052 046047 047052 046051
i276, 049046 053052 052047 054053 050049 049051 054055 049049 047053 046047 053055 048048 050046 050054 053052 054053 046047 052053 048048 050051 051050 052055 048050 049047 052052 053052 054046 053054 053053 050047 052051 052047 054046 048047 050050 055049 047047 055055 055047 053050 053052 049054 051049 053047 051049 055049 049047 053053 055054 055046 047053 051051 051050 046050 052052 053049 048046 051055 047051 046048 047055 051048 049047 048053 047049 052055 049053 050054 048048 052054 047048 046055 053053 049049 047052 052047 053055 048055 052049 047051 051053 051051 049049 050049 047046 046055 053054 048053 051052 053053 049047 048047 048053 055055 048046 055049 048048 052050 048047 048047
i186, 046046 053053 047047 047053 052051 048047 054048 049054 046055 046055 047050 047047 052047 051055 046046 050050 051047 050047 048051 055050 049051 052051 047055 047046 048052 050050 054052 054054 052047 053055 050052 052046 049050 048054 052048 049046 051047 047053 046046 048050 052049 047053 048047 050052 051046 046047 051049 052051 049051 053053 053053 049054 050052 055050 046052 051047 050054 054047 054047 047046 046050 048053 047047 050053 047049 052048 053053 050051 047048 052055 050048 051052 055050 049048 049051 052048 049053 047051 052048 055047 049054 048052 046049 049052 049053 055050 046048 054049 046052 046051 052052 046048 046048 053048 047046 052049 047053 046047 051051 047047
i165, 046048 046047 052046 051047 051050 054050 048052 049050 052047 046049 050053 053054 053053 052049 054055 050048 047047 055055 049048 055051 049047 052052 051055 047046 046052 048054 048049 055054 049052 049055 048052 054049 052052 050050 046047 048048 047054 053055 048046 048048 052052 053049 051050 051047 051053 050048 054049 047051 046046 048055 047053 054049 047050 046046 052053 051052 054049 049046 046051 048052 050047 047050 046053 052051 055049 055055 048052 054051 051048 049052 048048 055046 053055 051049 047046 047052 054049 055054 050047 047049 048049 051053 051050 050049 052051 050049 051046 048050 052048 048049 046046 047047 053047 049049 053052 048053 053050 052048 054051 048047
i93, 048048 055055 053051 046047 049052 050055 053054 053050 053046 053055 053055 053052 051052 055052 052051 050048 047050 054052 048053 049051 051049 046047 048055 048050 052048 048050 046049 046049 052049 047047 052055 047052 054047 050048 055054 050055 052052 055046 046046 047049 051048 051046 051047 046049 048052 053050 046047 053051 050053 053055 053047 049054 050050 046048 053046 049050 048051 049051 051050 050049 054050 047046 046046 050051 048048 046053 048047 046046 055055 047054 047052 054051 054048 049049 051052 050055 053052 050055 054054 049050 054054 048051 051048 047049 049055 049055 054046 047051 051046 053053 049053 046047 052048 049054 052052 049051 050046 048050 047046 047048
i302, 046052 053047 049051 050051 049050 049047 054051 047046 053053 047055 046055 048052 048050 055055 050052 048053 047051 055052 048046 049049 049049 053052 051051 054055 053053 048050 054052 053049 051052 049055 055055 054054 046052 050052 050049 047055 047053 055049 046046 052049 052052 046052 049051 047051 047046 049050 049049 052047 050050 053051 052051 054055 050051 054046 048051 049050 046046 051049 047055 046052 052054 046052 047046 053051 048053 052052 048055 055048 050048 048053 048048 048046 047048 048051 050048 049049 052053 048052 054054 047047 049049 052053 050049 053046 051053 050055 053046 046046 048052 053050 046052 055048 046053 053048 046052 047049 050052 054050 047047 047051
i163, 048053 055053 051052 049054 054050 051047 051050 049053 053046 054054 052046 053053 055052 049051 055052 047047 046051 054052 049048 052047 050050 050054 051055 055046 048049 051050 054046 050050 053052 053052 053053 054046 049054 052046 055052 048050 052047 048046 055048 050055 049050 047053 047047 049047 046046 049054 049055 054047 048050 053047 053053 053047 050050 046046 053053 051053 046049 055053 047051 054053 047052 047046 046054 053049 053052 052052 053048 054054 051055 054054 048050 048047 047055 048046 055052 048055 049053 047052 054055 055047 053050 052048 051049 054050 051050 049052 049055 046052 051051 053047 052047 051050 052053 051049 053055 051047 052053 051050 055047 047049
i669, 048053 053053 051051 048050 049054 047047 046046 054049 046053 055053 047047 053047 049050 049048 055046 048053 046047 052050 048048 049048 050049 050052 055046 053046 052048 048050 052052 053054 053053 055049 055053 054047 046046 046051 050050 052048 053054 046055 046047 055050 051050 046049 048050 049049 051046 049053 054049 055051 054053 048048 053051 051051 050050 055050 051050 049049 048049 049051 054055 048052 052050 053047 047054 053052 048053 046052 053046 054049 055055 055049 048049 051052 053054 049051 053046 048053 050054 047052 049046 055051 053048 052053 050050 054050 048053 049051 046046 046047 052052 054052 051052 046050 053051 048049 046046 046046 050049 050050 046051 048051
i475, 048048 053050 047052 054053 047054 047052 055051 052055 052053 055055 051052 047054 050054 051051 050050 052050 047051 050052 053053 049049 048053 055052 051046 051047 053052 051054 046052 049049 051052 054053 048046 047049 049046 047052 051050 048048 047047 055055 047049 048055 049052 052054 047047 049047 051046 051049 049052 054052 048049 052046 050046 047047 052050 053053 048051 048052 047052 049049 051049 048047 054050 047053 047051 049053 048048 052052 049052 051054 055055 052049 047047 047047 048055 050051 052053 053053 052054 048047 054049 047052 055050 053050 054048 049053 050048 055055 051048 047052 051055 053054 048048 051047 053047 049053 047052 048047 052049 054047 051049 048051
i795, 053052 053050 052047 051051 054050 054047 049053 051049 046054 055049 053050 049054 053055 052047 052055 052050 047051 050047 048048 052050 048046 052052 053054 046046 047050 050051 049048 049054 054048 047049 055053 047049 047054 055048 052047 049046 053052 049053 046046 052048 052051 052053 049050 047047 055055 046049 055047 051055 054049 053051 047055 054054 046046 049050 051051 052051 046050 048048 050050 052051 054054 046052 051054 052048 050050 048055 049053 054051 055055 049050 054050 051047 047050 046046 053055 051055 054054 048050 054053 047047 050053 053053 052050 050055 048052 051050 046048 046051 046052 046050 046049 047046 046053 049053 052046 047051 053049 052048 049051 047048
i501, 050049 053050 047052 046051 047051 052050 054054 049052 055046 049052 050046 054049 052054 050048 046054 050050 051051 052052 048048 052049 048048 046052 046053 047046 052053 050052 054048 049046 046051 048050 052053 051049 051052 047050 055050 048046 054054 053048 049049 048048 052053 049049 047051 047047 055051 050047 049051 055051 047054 048053 053052 051049 050055 046054 046050 051048 054054 049050 051047 051047 054050 054047 046053 053051 049047 046055 047046 051055 055048 050049 046048 046051 054053 046048 051055 048053 047052 050050 052054 054051 050047 053048 046049 050053 052050 050050 049053 047052 046052 049053 047052 047048 053052 048047 048046 051050 053052 050050 051051 049047
i151, 048048 050047 047052 046051 052048 053046 048054 046049 046052 055055 055047 051054 050049 051051 046054 050048 047046 052055 047046 049055 048051 046054 046047 050048 052054 054055 055046 054050 049049 053055 050053 053049 054052 053054 055051 050050 047053 053055 054051 046053 052048 054055 053047 047053 048046 050049 049053 051047 048055 046048 047047 054046 051052 054046 053052 053049 051051 047054 055048 052052 050047 047050 047049 055051 055048 053048 052046 051051 055046 046049 046053 047047 053053 049054 053046 048048 049050 046050 049053 051047 053053 052051 046050 053050 048046 050049 048055 049052 052052 053048 051052 047047 046047 051052 052053 050047 053053 047054 049049 048051
i786, 048053 055055 046047 053055 054048 047049 048049 053053 052046 055053 054047 048048 047047 051050 050050 048046 047051 054052 048048 051049 052053 054052 050050 048046 052054 050055 048047 054055 052054 053047 052053 047049 054054 048051 055049 047050 052052 055055 046050 050053 052050 049047 047050 051053 046051 047049 049052 049051 046051 046048 046053 051051 050046 049054 051046 048052 046047 047046 054050 047052 047052 051047 046046 053053 048047 052048 049048 050051 055055 052050 050048 048053 054049 046053 046050 049052 052046 052053 049054 055052 055050 047053 053050 051046 050047 055055 048053 046053 046052 054053 052053 047053 053047 049049 050047 052051 053054 050050 048047 055054
i267, 051051 050053 049047 049053 051049 050049 051051 046047 047050 053055 055055 054054 053047 047052 052047 054048 047047 055052 050048 049051 049050 050054 048050 055055 052049 048051 054048 054050 049049 050052 050054 047047 049046 048046 050052 054048 051047 052055 046050 048048 054049 049053 048054 049047 046051 049048 051047 053053 053053 048052 055053 047050 055052 047053 046052 048053 055049 053047 055049 047048 051047 050047 047053 051053 048048 055049 046053 054051 055055 046052 052054 051048 051050 046048 055052 053055 050046 055050 049048 047047 048053 046053 050050 053047 047047 054055 049048 048052 052051 053048 048047 047049 047047 047053 051052 055051 050050 050047 050049 051048
i229, 048048 053050 052046 055053 053046 047053 048051 053049 046046 049053 055053 048054 050047 048051 052050 054054 047046 054052 053049 049048 055052 052047 051054 050048 051047 055050 054053 053049 053053 047048 053050 047052 054051 052052 049054 048048 054052 048052 053050 048048 049054 055051 054047 051047 051048 049050 049047 047055 046050 051053 051053 053054 050046 047052 053050 052052 052054 047047 047051 047053 047050 046054 047046 049053 053052 047048 046055 051046 050051 050054 050048 046050 053048 051050 052050 052055 049048 054050 054054 053047 050050 053046 054049 047049 052046 051052 046049 046046 047055 046053 048054 047052 053053 054049 052046 051048 049049 050052 048051 049051
i18, 048053 053047 052049 047055 049051 047046 054048 049049 046047 053051 051054 047048 053048 051046 054047 054052 047049 046055 049048 051049 050049 053054 046046 050050 054052 050050 046054 054050 053052 052047 052053 046050 054047 050054 047055 048048 052052 055052 046047 048048 053052 055053 047053 051049 055046 048054 053049 052053 046054 046053 052053 054053 050052 055046 050048 053053 054051 050047 048046 046048 047047 053052 047049 050053 047049 049048 053049 054051 053048 052052 049049 055054 047051 048051 046050 048050 055049 052047 047051 051047 048053 053050 048054 053049 055047 054049 048046 047053 052055 055046 053052 055053 053053 049049 050052 052050 053052 047047 047047 051054
i102, 053048 050048 047051 047050 051053 053050 055048 055052 052046 055054 051053 052047 053053 055051 054052 048049 055047 052052 048048 047053 049051 052052 048048 049047 052054 048048 049046 054054 052052 055047 053054 054053 054054 050054 050055 055055 050051 050055 049055 048048 052049 051055 049049 047051 046051 047049 051047 051052 046046 046054 055053 049053 050052 046055 048052 050051 055053 050051 046051 055050 048054 052052 049047 049052 052052 055049 046047 051051 050048 047050 052055 051047 048050 046049 047046 047049 050052 051048 051048 051047 054048 053053 050050 050053 051055 055052 046048 052053 052052 048051 052048 047047 053053 049055 052048 050052 053053 048046 055046 047048
i721, 049050 048053 055051 054054 048051 053050 050050 051053 054047 047054 052047 047053 052050 048047 046052 054048 046048 055046 048048 051047 047049 055053 051051 047047 053052 052050 046049 054054 051052 053052 055051 053053 048054 055049 049049 046050 047054 046050 053052 053048 049052 053049 050047 051051 051046 048049 052046 049051 053048 047047 047047 054054 055048 055046 046051 053053 046050 047050 046049 051052 054047 048054 047046 049052 052053 049046 048048 054051 048055 054052 050050 051048 054054 048048 047052 049052 052052 049047 054048 051051 046050 052048 049049 049053 047052 054049 048055 050054 046048 051052 048051 048049 052047 055052 046054 049050 053053 050047 051049 046053
i209, 048046 048053 046052 055046 054055 049055 046050 052054 050046 055053 055046 054048 055052 051051 047052 048048 050051 049055 055048 046055 048052 050054 055048 050050 046052 050050 049046 049050 052052 047047 053055 054054 049052 050047 051055 046055 047053 055048 047047 048048 053048 055049 047049 047047 052051 048048 049054 051053 046049 048052 053053 054047 050046 054049 048050 050054 053049 055047 047050 048047 054047 050047 047047 055049 048055 053055 048052 054051 047055 050049 050049 051046 050054 054055 048050 052046 049055 050050 046054 051047 051049 053046 048046 050050 047048 050055 046054 053049 046051 050053 052052 050047 052054 055051 046047 049049 052053 050046 047051 049053
i10, 051046 050047 046052 047055 052054 047047 051054 047054 049046 054053 055055 048054 050050 051049 051052 054047 049049 055055 050055 051046 050050 055052 047047 050046 053050 047051 052046 050048 047052 052053 055052 052052 049051 048050 052054 049050 055051 049053 048046 046048 049052 054055 050049 047052 046051 054054 047054 055053 046048 053055 053053 050046 051053 055050 053051 048048 048055 053051 051054 047052 052050 052048 046047 051051 047050 047052 046048 054051 055050 052052 050047 047046 048050 054046 048055 050052 054052 052052 053054 052049 053055 050053 050048 055054 052047 052050 046053 054053 052046 052050 053053 051047 048049 047053 052046 052050 049050 046048 051055 051047
i575, 046046 053050 049051 050047 052048 050050 046053 050053 054055 053055 047051 052051 054053 051047 052055 050050 047046 052052 051048 049049 052050 052050 047046 050046 052049 050050 049054 049054 051052 054053 055050 047054 052054 054047 055046 055048 050054 052055 047047 050050 050049 055047 047049 047049 047052 054047 055053 051051 049053 053053 055052 051051 050052 046050 048053 053053 047053 052046 055046 055047 054052 054054 051046 053049 047052 049055 055048 055055 055055 054052 048046 047049 049049 053046 050052 052048 047053 047048 054054 047047 049049 053052 050046 048050 051046 054050 053050 047049 052052 048049 052052 047047 053053 053050 054046 048049 052049 050050 051050 048048
i604, 049048 055048 049052 046047 054049 053047 051050 049051 050046 055048 052052 048054 047050 050054 052054 047047 049046 052055 048048 047049 050052 054054 047048 046049 052052 053047 048052 054053 052053 049052 055054 052050 048049 052047 055055 055049 047050 048055 055055 048053 049052 051049 046051 055051 048048 049050 049053 047051 048047 052053 053053 055054 050050 047046 050052 051053 046046 046051 047055 053047 050047 046047 054047 054052 052050 049055 048053 050051 055047 050047 046048 049046 053047 046048 050055 048052 053049 055048 054051 047054 049049 048054 046053 053046 051047 052050 055053 054049 052055 053053 054052 046049 048053 048049 046055 051051 047053 050050 051050 048049
i574, 048048 053055 048051 051046 046048 050050 049048 051054 049046 054053 050047 049054 053046 055055 052054 047054 046051 055052 050051 051050 051050 047049 046048 054047 052052 050050 054046 054053 053049 050049 051046 049054 048048 050055 054046 048055 052054 052055 049047 050048 052049 055055 047048 050051 046048 049053 047047 047055 049049 052047 053046 049046 052051 050049 052050 048050 054053 052046 051055 053046 054047 046051 046049 055051 048048 055055 046049 055051 055048 049055 049047 047051 053053 050048 051052 052049 052052 051050 048047 054055 049049 054052 049053 048046 047051 050054 049055 047048 049046 049046 053047 047047 052053 054053 051047 049053 050054 054052 047051 054048
i101, 052049 050055 046047 047055 046049 047050 049053 055055 054046 053055 052053 053047 052047 050052 055050 048050 047053 052052 048048 050054 052049 052054 046055 055048 052052 047051 047046 054049 052052 049049 055055 046052 049047 050050 050055 050048 051053 055049 047055 049050 048052 055047 047049 050049 051046 050049 049055 047051 048050 053046 046052 051049 046052 046046 052052 051053 049046 050051 051049 046053 047050 054050 051047 053053 048052 052052 048046 054054 048050 048054 048046 053051 047053 051048 050055 048053 047054 047048 054053 055052 046047 046050 053054 053046 052047 054052 053053 053046 053046 051053 046052 053048 053053 053048 047053 053051 049050 050050 047051 051051
i143, 048046 055050 049051 046047 054048 047047 048047 049050 046053 054054 047051 051053 053050 049049 054053 052048 047051 055052 048046 050049 051048 046046 046053 047055 052052 055048 052049 054050 052051 047051 046048 049046 048046 047047 054049 048050 051047 053054 055055 050052 048052 049049 047054 051051 046052 050049 049055 051047 046050 053053 047053 051054 049050 048053 050050 054053 054052 055051 047051 047053 054050 046052 047048 051053 048047 055046 055049 050051 055055 054052 048047 046053 053055 055055 052053 053052 047050 052055 049048 054051 049052 052050 053051 046050 047048 053054 049046 052052 048047 053053 046048 048047 053047 049049 053052 053051 049049 050050 051050 047051
i346, 049047 055053 052052 048046 047048 047050 048053 049052 054054 055055 053055 054047 047053 055051 054051 054047 051047 055055 050048 047054 050051 052052 048054 050049 053054 047050 048055 049054 054049 049053 053050 055052 054048 048050 046048 047048 053052 055055 055051 048048 048050 049055 051047 047051 048051 049049 054054 053051 054046 053047 051053 053049 055051 046046 051052 050052 049046 046052 055050 051047 052049 047046 046053 051051 046049 048055 053046 051051 055047 054049 048054 046051 048048 046046 050050 048048 050047 052054 050048 047054 052048 048052 046054 054049 052047 050054 046048 054053 055052 046052 053048 051046 047053 054053 046053 051046 049047 050048 047048 048047
i270, 046046 053053 048046 051053 050049 050048 047053 055049 053047 055054 050053 054054 050053 050047 054049 050050 048047 046055 048049 048052 050051 052046 052053 054046 048054 052048 046046 054053 053052 053050 055055 048051 051054 050052 054046 048050 052047 049053 047046 053050 049050 055050 054050 051046 051051 051050 047051 053054 048046 048048 049053 054049 055052 046046 048047 051051 053053 047050 050051 051047 049048 046052 046046 052052 049052 048051 052047 051051 050055 054048 053050 047047 053047 048054 047046 048049 051054 052050 052054 055049 051047 054053 054052 050047 047051 049050 048046 048053 052052 053050 050049 051055 048051 053049 053051 046050 054049 051046 047048 048048
i187, 048053 055050 052052 046054 049054 047050 054051 049053 046054 054054 053055 054053 053049 047055 052047 048048 047054 052054 050048 048049 047049 051054 051050 047049 052054 048055 046052 049055 052047 047050 054052 049052 046055 048046 051052 048048 047052 055055 048047 050050 052049 054046 050047 054047 051052 049047 051052 051053 046053 053048 047053 051046 052046 046046 052046 052053 049048 047046 050046 048048 050048 053053 051047 053048 048048 048046 048054 051051 055048 051049 054046 046051 051050 046051 053046 052048 054052 048051 054053 047052 051050 053053 049051 049050 054051 050054 055051 052052 046046 051051 052049 047047 052053 049051 047049 055047 050047 054048 049048 051048
i60, 053047 047053 051052 047051 046054 050050 055054 049049 046046 055047 052047 054054 048053 052046 046046 054048 055048 046055 048051 054049 050050 053053 050048 048048 050050 053051 054052 054049 054049 050047 055053 047055 053054 046050 052048 052046 047047 055053 055048 049052 053049 055052 047055 055051 049051 049054 051049 051047 048049 048053 053053 049054 050052 046055 052052 053051 054054 050051 047055 052052 054051 052050 053046 053055 048047 046055 055046 051051 047053 048054 047050 047047 053055 054049 049052 053052 047055 054048 054054 051047 050054 046054 050051 050052 051047 050049 055054 046046 048052 053052 052048 050047 053052 048047 055048 051050 052050 050050 055051 047053
i225, 048053 053048 052054 049046 047054 054047 046046 053049 049054 055055 054055 048053 053048 050051 046046 050050 047049 052052 048055 055049 048051 047047 046046 046049 046049 051048 054048 053049 054052 052052 054053 046054 050052 052046 050055 050049 053052 055046 046046 048048 052051 055053 048054 047047 046051 049049 051051 055047 053049 048053 053053 051046 046050 055054 050046 052053 054049 051049 054046 047047 049054 046048 046047 050052 049047 052051 055049 051048 055055 050055 047050 054049 048055 051048 055051 055053 054053 051050 048052 054051 050050 053053 048049 046050 052051 052050 047048 050054 052052 050053 049047 051047 052046 055053 051052 052052 047053 047050 049047 048053
i536, 049046 050054 052055 051047 051054 046052 055054 046052 055046 046054 055051 047053 050053 047051 054054 048047 046047 052055 055048 049048 050051 052051 052055 050053 046054 053052 054046 054051 046052 047053 050053 047047 051049 055052 054050 046050 047052 054052 046048 055048 052046 055052 051049 049051 052054 047055 049049 053052 053054 055048 055053 054053 052055 050050 046046 054053 054047 047046 049049 052046 052054 052046 046047 049051 049047 055051 055048 050054 055055 047049 055048 046046 050055 055054 050052 052053 048053 051050 050046 047047 049050 051051 046046 048048 046049 055050 046050 049047 046051 046051 052052 052052 053049 050054 046052 052047 053053 046050 055047 054051
i436, 052050 050047 049052 047051 050046 047053 055051 052049 053051 054054 046051 048052 050050 048050 052047 054050 053051 052055 052053 054051 052050 054047 048055 047053 051049 050051 049049 054051 052053 055053 050050 054052 049051 052050 054055 049048 052047 055049 053051 050046 049050 046055 047047 051047 046046 046049 051052 050053 051046 055053 047051 049051 048055 050046 048046 051052 052046 047051 050051 051052 050054 054050 046053 050049 048047 048055 054055 051051 050055 049054 046048 047046 047047 055046 052055 048047 049052 050051 054053 047047 050048 051051 050051 050053 052053 049055 049055 052052 046046 052053 053050 053046 047052 048053 046046 047051 053047 050047 047051 048048
i703, 053053 047046 049051 049053 052051 050050 053051 053050 046055 055055 052049 055049 053050 049052 046052 054052 054046 052052 048048 054046 049051 052052 053050 050047 049052 050053 046048 046048 046053 053053 055053 049054 054054 055050 049047 051048 052047 049049 051051 052048 052049 046047 051047 051047 046049 046053 047053 051054 053046 048053 047046 051055 046052 055050 048050 053049 046054 047047 054047 052052 050047 048048 053047 049051 047052 051046 047048 051054 048048 052046 049047 051054 047055 055055 051052 048048 049046 050050 049048 047052 053050 053046 055051 050049 052048 052050 048048 050053 052052 053053 053054 046049 053055 054050 051047 052047 050050 046050 049049 047047
i147, 048048 053050 052054 048047 052049 050050 054050 047049 046046 055049 055055 047053 048055 049049 049054 048047 051049 046046 049048 049052 046047 052052 055048 047048 052051 052048 046053 050049 052052 054047 055054 046054 049046 049047 055050 051053 052052 047050 051055 048050 049050 049047 047052 051047 055048 054054 049055 047049 047046 046053 053052 051054 050046 047054 050052 048051 047049 047050 047054 052052 050047 051052 047046 051051 053049 048046 048047 051054 055047 049055 049048 046051 050053 053046 051055 047052 050048 055047 054054 047047 053052 046053 048046 053050 049047 055053 048053 047052 052055 051053 052054 047052 048054 048051 053050 050053 049053 047054 051047 047047
i578, 048053 050047 049051 048055 054051 047047 053050 049046 054046 054054 055053 048051 050050 050051 047047 047054 051051 055055 052051 051055 050050 047053 046047 046047 051052 050053 046048 049054 052053 055052 053053 046047 048054 046050 050048 055049 054047 046055 055051 048053 053049 055054 047049 051047 054046 054054 049049 051052 054053 055053 047053 051054 050050 054046 047053 052054 046054 046046 055055 046047 046050 051050 047046 053052 048052 052055 047053 048051 055050 052047 048048 046051 054054 046046 053047 052053 049052 051053 052054 052055 048049 048051 046046 050054 048047 054053 046053 053050 046046 051050 052049 050055 052053 053053 052046 052051 046050 046050 047047 047049
i564, 046051 055047 049054 053053 047047 050047 055054 053049 053046 055052 053050 047048 053054 049051 053046 048048 051046 052055 048048 048055 049049 052047 054046 050047 052052 050050 052046 055053 054054 052053 047046 052047 048048 050050 055055 050048 051053 053049 049047 050055 050053 055055 047047 047050 051051 049055 047051 051047 055049 048053 052053 054051 046050 055055 051055 049051 051049 046050 051050 050052 050047 052051 046046 050051 047049 049055 047049 052054 055055 052046 050048 047047 053054 050049 047051 055048 053049 053047 054050 047047 053053 053053 051048 054050 052051 050054 051048 054046 052049 048053 049048 046048 050048 055054 053053 051055 050053 054048 046047 047049
i428, 046046 053051 047052 053049 052049 052047 048046 049054 054053 050049 053055 054050 050050 052051 047054 047048 051047 052055 048048 049055 049052 055046 055055 053050 049052 055048 046046 049049 052052 049055 055053 054046 055050 050054 046055 053049 052047 053048 053048 049053 053049 051053 051049 051055 051051 050050 053053 054047 049047 053049 055053 051053 046046 047049 052050 053050 046048 051047 055054 053051 047047 050048 046047 052051 048052 048052 048055 054051 048046 052048 048050 049047 050053 049049 050047 053048 053049 051052 047054 055054 053054 053053 049050 050046 054048 049049 048049 052047 046055 053054 051053 047055 052047 048054 048046 046050 050053 048050 050051 048051
i513, 048055 053050 054052 053054 049054 047050 055051 049052 052053 053047 052047 047047 054051 049050 049052 054048 047051 052055 053048 048049 050051 055052 051052 049046 052049 051052 053048 053055 053052 047047 053055 052052 054049 047052 055046 048048 053047 053051 055046 050049 054052 049047 049049 050047 051051 051051 049047 047052 055046 048053 053053 047051 052052 046047 050052 051050 049054 047055 047047 052046 050055 046048 049054 049050 048049 055046 055053 051054 055055 050049 050048 047046 054048 051048 049054 055047 049053 054054 049054 048055 050048 046053 046050 048050 052053 050055 048048 052054 052054 055051 053046 050050 048053 049048 052052 052052 053049 054048 051047 049048
i537, 053046 050050 052052 054053 054047 047047 054050 049054 053054 054055 047051 048054 050047 055046 055050 046048 046047 055055 048048 049049 050049 050054 046055 048053 052048 050050 052048 048048 053054 049049 052055 055052 049053 050052 049049 047048 047054 055055 048046 053049 052050 055051 052050 049050 046047 046054 052052 049055 048053 046053 047053 054047 048046 053052 053048 052053 053055 049047 046055 049051 054050 050047 047047 051055 053048 049050 053047 055054 050055 054055 055048 051055 047048 048051 052055 048051 054048 050050 053048 054047 049049 046053 049054 047049 052052 055050 048053 054054 048052 049049 053052 050047 053047 048048 051046 051052 049053 050050 051047 048048
i535, 048053 055055 052047 046046 047046 054053 051054 054052 046052 055054 052052 047054 051053 047052 052052 050050 049046 055055 048048 052048 052050 052053 051046 050047 049052 050048 048052 049054 054054 053052 054050 054050 048047 052046 050050 048048 052054 053049 055047 048054 048052 054054 048050 054047 046046 051053 047051 055052 048055 053053 047053 054051 050051 046052 050048 053052 050054 046049 047055 054052 052051 050052 047046 050053 052053 052055 047049 054051 050055 052052 050054 051055 053054 055054 053052 055055 054050 054052 047048 047052 051053 051054 050053 049054 052051 055055 054049 050054 055051 051051 052050 050046 047048 050049 049046 052051 049048 050050 049051 049047
i85, 047049 050055 052049 054054 048054 050054 054051 054053 049046 055053 047054 049049 051050 047052 046046 048053 046047 054054 048051 052051 049051 055052 053055 047053 054046 050052 052046 049053 052051 049053 053050 049052 051048 052050 049054 046048 054052 051052 053055 054055 052052 047049 047051 051051 046048 049051 051049 055047 054054 053048 053053 049051 050050 047052 053046 049052 054052 051050 054050 053046 048054 052046 046047 049050 053047 049049 046046 051050 050055 054051 054047 046054 053053 048049 052047 049053 049049 050053 049049 051051 050055 051053 054050 049049 052053 050050 049046 053046 052047 055052 047047 055051 052052 051054 046053 050050 054049 047050 051050 048048
i321, 049049 055053 052049 051049 050054 050053 050048 049049 046050 047047 055052 047047 050050 051049 052053 048048 048049 052052 048048 054049 049046 051052 046051 050054 052048 048048 046054 054054 054052 051054 053055 046052 055054 051052 050050 050046 053053 055055 055051 048051 054048 053055 047047 047047 052051 049053 051049 051051 048054 048052 053053 051051 048051 047046 046046 053053 046053 054047 051055 053046 054052 048054 046046 052053 052052 052052 046048 046051 046048 050052 051047 050053 054050 054049 046051 051048 052053 055055 054046 055055 047048 052047 049050 050052 047052 049050 053048 047046 054054 054053 048053 050048 047054 053051 048046 046051 049049 048050 051050 047049
i378, 053053 047055 053052 047049 051046 047046 048051 055049 054046 054049 050053 052054 050047 049047 046054 047052 047047 052055 050046 055055 050052 052046 051047 050050 052052 055048 046053 049054 051052 055052 055048 052047 051046 048047 049050 055046 049052 055052 055046 048048 052052 051055 052048 047054 055051 050054 049049 047055 054053 046053 054047 051053 050055 054048 050053 050052 046047 050053 053050 051046 050048 046053 046046 055052 048049 052048 046049 051051 047055 054051 046050 046047 050047 048055 046052 048052 049049 052050 054054 047055 048050 053054 046049 049046 048053 053049 055048 048050 055049 050049 052049 050051 047050 048054 052053 052047 052047 050050 050054 051049
i474, 048048 050053 054049 046046 052054 047047 051053 049053 046049 054055 052050 054054 050053 047048 054054 047054 047055 055055 048046 052049 051048 052052 048055 051054 052052 051052 046053 046049 052054 053048 053046 054050 052046 048050 054047 046055 051047 049052 046052 048050 049049 055047 047053 048046 046048 053047 049054 047047 049055 055053 053047 055054 055052 054046 049046 051052 048051 051053 047054 052048 052046 047051 051046 053054 048052 051055 049053 051051 055050 049052 048048 051048 055050 046051 055050 053048 054055 050052 046049 055055 050053 048046 054050 053053 047048 050050 049046 053047 052052 052052 046054 047052 047053 048054 053052 051052 048054 050050 047055 051054
i709, 046046 055053 049048 055047 054050 050051 051053 055052 046055 047053 053047 048047 050053 055047 052047 054047 047055 055052 048052 048054 050050 046050 050048 046046 050046 050048 052052 053050 053054 047047 054055 052049 048049 050050 050055 050048 053055 055053 048046 053046 053052 053055 049050 051049 047052 050053 049051 047051 051048 046048 047047 050051 050052 054053 050052 052051 049046 055046 051050 048053 051055 050048 047046 051049 053048 046055 052047 054051 048048 052046 047053 051047 053054 049051 047050 049047 047054 055055 052054 047047 049053 050054 046049 050052 047052 047052 046046 053052 046052 053053 052052 047046 049046 047049 048046 051046 053050 046052 046055 048048
i664, 050048 050046 047046 047050 047052 047048 051054 052054 049054 047055 055053 048047 048047 051051 054055 053048 051053 052052 050051 051054 051052 047052 055048 050050 052052 051055 052052 046054 053052 053047 053053 054054 048049 050054 051054 046055 053052 055051 046046 046047 052053 049054 047050 047047 049051 049049 051049 051047 054055 053053 053049 051047 055055 049046 052051 051054 046051 047050 046050 055053 054050 054047 046046 050054 053047 052055 048046 051054 050048 052047 053053 054050 048054 051049 047053 053055 049052 050053 054054 054047 050050 053046 050049 052047 047051 050049 051046 047050 046052 054051 053048 047051 048053 048049 055049 049047 053053 050048 049051 048049
i433, 054048 047053 054052 054051 050048 046050 054049 052055 054052 049055 050055 051054 047050 055046 053052 054048 046050 055052 048048 046051 049049 052054 048046 047047 049049 050052 052046 054054 049049 047052 055053 052047 046049 047055 055050 048053 054052 053055 055055 048054 052052 055055 051047 047051 048054 053049 053050 051053 054049 047053 047053 051046 046049 049046 050053 053050 054051 049047 047047 047048 055047 046054 046046 051049 048049 052053 053046 051050 048055 050049 046047 053047 053051 048051 046053 055053 050052 054055 049049 047051 055049 053053 051049 051052 050052 054050 048048 050046 051047 051053 050047 050046 055047 048049 052046 051048 049052 046050 049051 048049
i146, 046053 050050 047054 053054 053052 050048 051046 047049 046046 046054 054047 053049 050053 047048 052046 047050 052047 052055 048051 055049 051050 046048 050055 050050 054053 048052 049051 049048 052049 055055 050055 047052 046051 047055 046050 048046 047052 053055 055049 046049 052046 055046 047047 051047 054050 047050 049049 051047 053048 052053 053052 051050 052050 049047 046050 052046 051055 051055 054049 053053 054055 052050 053047 051051 055052 053055 055046 054051 055050 046054 048048 046055 050055 047051 052047 052048 052048 055052 054054 047055 049054 050053 050048 053051 048052 054052 054048 047047 048051 050053 052050 047047 053047 047048 046046 052052 053053 050048 049051 053047
i601, 048052 054053 052048 047048 051049 052055 054050 049055 053046 054049 053050 053048 050048 049051 046049 047049 047046 052055 048048 052049 049047 052052 054052 050048 053052 050055 049048 049049 049046 047053 052053 050054 052049 050047 055050 049055 047053 048046 055050 047048 048049 051051 047054 047051 046046 046049 049049 054047 054048 053053 053047 047049 052051 046050 046048 051050 053049 055052 046050 049055 047047 048052 049047 053051 052048 046052 048049 051051 055050 052052 052048 054046 054055 046051 047047 047055 049052 047055 046052 055051 048051 053051 054050 050053 046049 052049 051049 050053 046052 051055 055049 050050 047053 053048 046052 047049 049049 050050 046048 048048
i635, 053049 050048 052052 046048 049054 050050 048051 053049 053047 046055 053053 049047 053050 050052 050052 047050 047047 052055 048051 049047 050047 053052 048046 050050 054055 048051 046046 053053 052052 055053 053055 047055 051049 047050 054055 055048 052047 052051 047049 048050 053050 054054 053050 050054 055051 047053 047049 051054 048055 053047 053053 046051 046046 046052 052050 049053 049054 047053 054055 048048 050047 048052 047047 049050 052048 046052 049049 054048 055055 052054 047048 046048 054049 051049 051046 052048 055054 048052 049054 047047 050050 052051 050049 055053 047051 055052 055046 052050 052046 053048 052052 049047 050053 055049 048050 052051 046046 046048 048047 049046
i43, 047050 048050 051054 053055 054050 054050 048054 050049 052046 054055 051047 047049 054050 051053 052047 048055 046047 055054 048048 049051 050051 052053 048048 053047 046051 050052 054054 054050 053053 048046 055054 046055 048049 054046 047052 048048 051052 051048 046048 050055 053052 046047 047048 047051 055051 052049 051048 053051 048054 053055 047053 051054 047051 054049 048050 052053 048049 051051 055055 046051 052050 046050 047046 052049 047048 055051 055047 055046 055050 054055 048047 053046 051050 046046 053055 055055 046049 047050 054054 047047 053049 052053 048046 047052 049047 055053 046053 053052 052055 053053 047046 046052 054053 053054 050052 048050 054047 054050 048048 048051
i750, 048046 053048 051051 054054 049051 050047 051051 052050 047050 051049 055055 053054 053053 049055 046054 054047 047046 052052 048048 049055 047047 052046 055050 049050 052048 050053 052048 053053 049054 055048 053053 047054 048054 050054 055050 055046 054051 051054 055048 048048 052051 049046 051047 047051 051052 049049 049051 055049 048050 053053 052053 053051 046051 046046 050051 048052 046054 047051 054054 052052 054054 054047 049047 049055 053052 052054 048055 048050 055055 052054 048049 046050 047054 048051 047052 048052 048050 055055 047047 054055 048053 047054 048053 050053 047052 049055 055049 048049 052055 050051 055048 051050 053052 054053 053052 051047 053050 050052 050046 047047
i533, 048052 047053 049052 050054 049049 047047 046054 049054 049047 053047 047053 049048 053047 047052 054052 053050 047046 055052 048050 054049 051048 052054 055048 054054 050048 050048 052046 049049 049052 049047 055053 046046 049050 055047 054052 048048 052053 053055 048055 047055 053052 054049 051047 054051 052046 053049 047051 051051 046046 048055 046047 054054 052050 046052 046048 050053 047053 051051 054047 051047 050052 048051 047046 053053 052049 049052 055048 047049 048055 052050 046048 051051 048048 050054 055047 048048 052053 052055 054054 047047 050049 054054 050049 046049 054052 051049 053048 053052 046055 053051 049050 048048 048048 049049 046050 047051 049053 048052 047047 048048
i800, 051052 051055 052051 050054 050054 050051 055054 049055 054046 054048 055055 054049 048050 051049 052053 053047 046051 052055 048048 048048 049050 052046 048050 053046 050049 050050 054048 046049 053046 051047 053055 046054 052051 050046 047054 048048 054047 055053 049046 050050 049048 054047 047054 049049 046047 054049 050051 053051 049052 048053 053047 054054 053052 046055 050046 049054 048046 047047 054050 048047 052052 047047 047047 049049 047049 046046 047053 050054 050048 054054 052049 047047 051053 047047 048050 048052 049054 048052 054054 050047 053050 054050 047048 050054 053051 050050 048046 046047 048046 046050 046049 048053 048052 052047 052047 052050 047053 047050 047047 053049
i293, 051053 050050 052055 055050 053048 053047 049054 051050 053046 055052 047047 054050 050054 052055 046049 049047 047047 055055 048048 049052 050050 046052 055050 050049 052048 048048 046052 053048 047053 049054 054055 046052 046055 050046 050050 048055 052053 051051 048055 050047 054052 055049 050047 051047 046051 047049 055049 049055 046046 053052 055046 053049 052050 049055 048046 049053 054049 050050 047055 052046 048051 054054 047047 055047 055049 052049 049049 050054 055047 052049 048048 051046 047053 055048 047052 052052 052054 047046 047052 047055 050050 053052 046046 049050 054047 049050 046046 054055 055046 051048 052055 050047 053051 054048 052052 055052 053049 052052 051051 052049
i363, 048051 050053 052052 051047 048054 050052 054051 049049 053047 054055 052053 054054 049047 052050 052055 047048 046049 052050 051048 051049 049055 052050 050052 050047 053048 051050 046046 048049 052053 050053 050050 047055 049051 050050 050055 051050 047047 048049 053053 048048 051051 049050 049047 047051 048051 049054 049049 055052 053049 046047 047052 046051 050055 052051 052046 053048 046054 050046 051054 051046 052047 051047 051047 055052 048049 051047 052052 055051 051050 054046 048049 046046 050048 046048 051052 055047 053052 047053 047054 052052 049054 050048 046050 046046 051052 050049 048050 046053 052052 052051 053053 050051 053047 048053 046047 052046 053053 050054 051047 048046
i174, 049055 055055 052052 055054 049047 049047 053054 053049 053049 052047 054047 054053 054047 055049 053051 047047 046049 055052 048051 051049 049047 052050 048048 047048 052052 051053 046048 049049 051049 054050 046054 052052 054052 049046 055046 048050 047052 053049 053046 050048 052049 046047 047053 047054 048048 048049 047049 054047 046055 048053 053051 050051 050048 052052 052046 053053 046054 047051 055050 047046 047054 046052 046046 052053 047052 046048 048049 051051 055048 050054 049046 054047 048048 048048 050051 052047 047054 052047 046049 051047 050048 051053 046051 046047 051048 054055 048046 047052 046046 053051 053046 048053 047048 053049 046052 047050 046053 047050 046046 048054
i155, 048046 053055 052051 046048 049051 047050 054050 055053 049047 055053 055053 054051 046047 047051 052052 048048 047046 052052 054048 047055 051050 047054 055051 050046 046052 052050 048055 049049 049053 047053 052055 047046 054050 049048 050047 051055 054051 049051 055046 050047 049053 047049 047054 047051 048052 047049 047049 051052 054053 053053 050053 054054 050050 050052 050052 052053 050048 046050 051051 048046 050052 051050 046046 053051 048053 055055 047048 051051 046055 048052 048048 047048 049051 055050 055047 048048 050051 054055 046046 052052 048051 053051 046049 049054 050054 050054 053046 054053 052046 051053 052052 046047 053051 048055 046046 050055 049053 050047 047048 054047
i94, 053049 053050 051047 049050 053054 050050 051048 055055 046046 054049 052055 053053 050049 052052 052053 050048 047051 052052 048048 052054 048051 052047 046055 047053 046048 052053 054048 048050 052054 053052 052046 047046 048048 048050 046050 048049 054050 055052 051053 050047 049054 051055 048048 054051 046051 046049 051049 054052 048046 046048 047053 049054 052050 053046 046048 052052 054054 051055 049051 046052 050047 047048 054047 051055 047053 047047 047049 054051 055048 051054 050055 051051 050050 048051 049052 048049 048054 047052 052047 047049 050049 051053 054050 046046 054047 050050 050046 046046 055052 049055 050049 046050 053052 050054 047046 047052 052053 052046 051047 048047
i99, 051053 048047 046046 053046 047046 047050 053048 048053 053046 054055 047055 049051 050050 048051 049049 048054 051046 052052 050048 048049 050050 053052 055050 050050 048052 052048 054054 054049 052049 051053 052052 049055 048046 055055 054055 052046 053050 048049 049055 048048 049049 049053 048050 046047 055054 049047 049053 051052 054048 046053 053048 054054 052051 054047 052051 048052 046046 050047 050047 049046 051052 054047 053049 053051 053053 055055 052047 054051 050050 047047 048050 047047 050050 051051 047047 055049 054050 050050 051054 047047 047050 054048 050051 053049 054047 050050 046053 054049 046052 053053 052051 046055 053053 048048 052050 055048 049047 050050 049049 051048
