point 1
gen 0
lala land
l20
l12
l41
l94
l49
l14
l65
l54
l35
l0
l95
l18
l79
l8
l92
l76
l68
l53
l32
l1
l44
l25
l21
l6
l48
l47
l91
l11
l84
l16
l38
l23
l96
l70
l10
l22
l3
l67
l33
l66
l37
l5
l63
l55
l39
l85
l42
l97
l64
l45
l99
l46
l69
l81
l61
l59
l43
l13
l77
l87
l58
l51
l40
l74
l28
l83
l17
l15
l26
l57
l90
l86
l30
l34
l88
l98
l2
l93
l80
l78
l31
l71
l24
l75
l60
l50
l89
l4
l9
l36
l29
l73
l82
l56
l62
l27
l7
l19
l72
l52
Pop
i711, 047050 054054 047047 048051 053054 049051 048054 055051 052047 048050 053054 052054 046048 055055 051051 049053 046046 047049 049052 052053 047053 049048 051051 049055 054049 054046 048051 049055 055055 048054 055055 051049 049049 047047 051054 053053 046046 051046 046051 054047 050047 052052 052051 050055 054047 053053 048048 055051 046049 048047 046053 053054 049049 055052 047049 050054 055053 052055 050054 048051 046049 055053 053050 051052 049046 053049 050054 047054 051052 047047 046046 050054 046053 046046 052052 046053 054054 051050 046049 047052 052052 048055 048050 047047 049049 051055 054046 055053 052053 053050 053051 055054 048048 054053 049046 049054 049055 055048 051052 051054
i765, 048054 049053 052052 050053 048052 051050 051047 051051 055052 052052 048053 052051 052050 050049 047048 047048 049052 049048 053050 053052 046048 047051 053050 047049 049055 054047 055051 049049 051051 047049 055047 050052 052052 047047 051046 049053 053053 053048 048053 054046 048050 049050 049049 055055 049054 046046 051050 046048 049055 047055 050046 048048 055047 046050 046055 050054 052048 051048 050050 047054 048051 051050 048052 048048 050052 048046 055047 047047 051052 055055 047055 050051 048051 055055 052051 052049 047048 046053 047048 050046 052049 049050 047051 047048 052048 053054 055053 054047 053046 055054 054054 055055 049051 053053 052049 052049 051046 051052 052049 050051
i563, 050052 048050 049050 047050 048046 055049 051050 055046 046053 050052 052053 051046 052048 049047 048048 047051 051053 047047 049047 054048 054054 047049 049055 049049 048049 047054 051055 055048 047051 046054 055050 050051 055052 047047 046054 050046 046053 053049 055050 051055 055048 049055 049053 050051 054054 049046 054051 047048 055049 050050 053053 047050 049049 046046 046053 050050 052052 052052 047052 054048 046046 049055 053047 048048 049052 053049 052046 048052 047047 047047 053052 050050 051054 051050 046055 055052 053049 048053 048053 051048 046046 046050 050051 049047 053050 050054 049053 048053 052052 046047 053049 052055 049051 055049 048049 048048 046055 055051 049055 055050
i530, 054054 054053 051048 047053 055054 047050 051055 050047 049052 047050 054051 051052 046050 047051 054054 053049 050055 048049 052054 052051 054050 048046 054054 047047 051054 047050 053055 048052 052046 054046 053053 050055 055049 049052 054046 052050 046046 051048 055053 051050 047047 050046 046049 055051 048055 048048 047050 052047 049049 047047 051051 048048 049052 055050 051046 054050 053052 048052 046050 054052 049046 055050 049049 055049 048051 053052 050046 052054 053051 055055 046052 054054 046046 054048 055055 055055 047050 048051 050049 053048 052048 055052 053050 047054 046048 047055 053055 053053 053047 051047 052051 055055 051051 049049 054055 048052 046048 047046 054054 055052
i454, 054048 054049 049048 047053 049046 050054 048051 049055 049054 052050 055055 052055 052053 047055 053053 049052 051055 047047 050050 054048 047048 049051 054054 052049 051053 047046 054052 049052 046049 046052 053052 051050 048050 052052 049054 055049 047046 053052 054050 047049 051047 048054 046049 050051 054054 048053 055049 047054 046053 055055 051051 055055 047051 052053 055050 055050 054052 049048 049050 048052 046049 046054 049048 052052 047049 051053 051049 047052 055051 055055 050055 054054 049046 051046 055046 047049 047052 046048 053054 052053 046046 054052 046051 047048 051052 048054 054055 053054 049053 047047 053048 055055 049051 053053 050048 054048 054054 049052 052047 055054
i145, 050055 049054 049048 048053 051050 047047 048053 048055 049047 047050 055047 051054 050050 051052 048055 052050 051055 053049 047049 046046 054054 046050 054054 055055 054051 053046 046055 052053 046051 048046 047046 051050 049052 052047 054046 046053 053048 052053 046054 050049 047049 046046 049051 050047 055047 054048 048051 047054 049049 050051 050053 055048 050047 055052 051046 048049 055052 048048 053050 054048 046046 052049 049048 047048 055055 054051 047048 055051 048051 047054 046047 050054 047046 054054 055055 052055 047047 053052 050051 048052 046052 049055 048051 055047 046050 054047 046053 053053 048048 047046 053047 052055 052054 048049 055052 054053 052047 047054 047054 055049
i768, 048050 054054 047046 050053 047052 050050 055047 046055 052048 047049 055054 051054 051052 055055 047047 046051 050049 047047 049055 050048 048047 048046 048054 047055 050054 049046 055055 052049 049047 050052 055053 050051 049054 046047 047046 049052 053052 053050 055048 050049 048047 046046 049052 050051 053048 049054 051048 046048 049055 047055 051053 054047 050048 049052 053055 050054 052053 052052 049050 052048 053049 050055 049053 048051 049049 055047 052050 049046 054047 047047 046055 052052 050050 054049 055052 050049 051049 046048 046050 055048 046052 048052 054051 055048 048047 050047 054048 047053 051053 050046 055054 055051 051049 055054 055048 051053 055050 052051 048048 050054
i656, 053054 050050 049047 047047 054053 051047 054053 047049 052052 047047 053054 055052 050046 053055 046054 049055 050049 052053 053053 047050 046051 048046 050047 049047 048049 055050 051046 049050 051046 047047 055053 051053 054052 053047 047049 049053 047053 051050 055055 055051 047047 054046 049052 055051 047047 054046 050051 052055 054049 051046 050047 047048 052054 050048 055046 054054 055052 052051 054050 048048 049046 049055 050047 048049 054046 053053 048052 047048 055054 055047 049055 049046 051051 055054 052052 052046 050050 053050 050046 053052 046052 049050 047055 052055 054052 046053 054053 047053 050050 049047 055055 055047 048049 049048 051051 046053 053051 051051 054054 054055
i136, 050048 054053 048049 047047 052052 050047 047050 055054 046055 047050 046055 054054 046053 051055 051047 048052 051051 048051 046055 052052 050048 049049 048051 047049 046051 047047 055046 055049 051047 046046 055046 050051 052052 051047 053053 050049 047046 051052 051046 055055 047048 052055 049046 055055 054051 052054 047050 046049 049051 055050 050046 054048 054050 052050 046047 047049 052055 055052 050054 054050 052046 050050 048047 049048 046049 051051 052051 052050 048047 047055 053048 046052 054047 046049 051047 055047 051047 048051 046053 047047 046054 048049 055054 047055 050046 052054 055052 053053 053053 047050 046052 051055 049053 049055 048048 046054 055051 054048 054052 051049
i173, 050047 049050 048050 046054 048050 050048 050050 051051 049054 050052 048047 053051 050046 047052 048047 050053 051051 048048 053052 054053 047046 050050 050050 052051 049048 046047 052048 051047 053054 051049 055047 050046 054054 047049 055055 049054 053046 053051 053055 047054 048048 049046 051049 051050 054055 048048 047050 054046 050049 046053 046053 048052 049049 046055 050047 047049 051046 048048 050054 051054 046050 055050 053049 051050 049054 046049 050051 052048 054053 053055 049055 052051 046050 046051 052053 051047 054051 049050 053053 053052 053049 054055 051048 050055 048046 054050 046055 053053 050049 050047 051053 051046 051051 055054 046051 048048 050054 046051 052052 049055
i207, 052047 046053 050047 046047 055055 047050 051053 047055 049052 050047 053052 053052 046048 055047 054052 046049 051052 049049 047051 052051 048055 050051 054051 055049 055054 046055 051053 049050 046047 046047 052047 053051 049049 047047 046054 046050 047046 049053 055049 049054 048048 052052 052048 050049 055050 046048 054051 048055 046051 053053 053050 048053 049049 050055 046046 052053 052055 051052 050052 047054 049053 055052 047049 049048 049049 049050 046055 052054 050055 047055 055053 050050 047046 052055 051052 047055 054054 053048 049051 052055 046048 054047 051050 052047 052053 049050 049048 054053 053052 047049 046046 052055 049052 054047 052048 048047 049052 055046 047047 049046
i346, 053055 054054 046047 053047 049048 054054 053047 054053 049052 048047 055054 055052 051048 049054 054053 047055 050050 049051 047055 052050 051048 050049 047052 047049 053054 047048 051048 049053 046047 049047 053047 050051 049052 052049 051046 054050 046046 053053 051055 055054 051055 052048 054051 054054 049050 046052 050051 046048 055051 053047 046053 049048 049053 050055 051046 053049 052055 052049 050048 050048 046046 046050 049050 055055 049049 050051 051046 047048 051050 049047 048046 052053 046050 055049 055052 049047 054050 051050 051051 050051 049048 054048 051055 052052 046048 048050 050055 052046 052049 053051 053054 051046 054049 054053 051052 048046 053051 047054 054054 051052
i86, 054054 054054 050047 048047 048048 051047 048050 051055 046052 052049 055047 052051 049046 048051 047052 048053 050052 049052 050052 052046 055053 049049 050054 047052 049049 054048 046046 049052 048053 046046 053053 050046 052054 047052 054046 050055 055047 053049 048055 054054 051051 049055 052054 050048 047051 046050 054046 047048 052051 046051 051053 052051 052049 052050 046051 054050 049052 048048 054048 048054 046049 055054 049051 048048 046046 050046 052052 047052 051051 052051 047055 054054 047051 055046 052052 051055 054054 050051 048053 052051 049053 050048 054050 047048 048046 053050 054054 053052 051051 047053 052053 055055 051051 053055 048052 047048 054052 051049 055048 049049
i317, 053052 054054 048050 050048 048051 051049 055047 051055 052052 054050 053047 052049 052053 049050 055053 046050 052046 048053 049046 047053 050055 053049 051054 049055 048055 047046 051054 047049 051049 054050 046055 046052 052048 047052 049046 055050 046046 048048 054055 050054 047047 052052 049054 055047 055051 048053 047054 046049 049055 055051 053053 052048 055049 052055 055050 050050 055052 051052 050050 048054 046046 046055 050048 052055 046046 053046 051050 048052 049051 048047 055047 046049 046050 049054 055052 053046 054052 046050 055053 055051 054049 048055 051054 055047 048049 050046 054046 055053 052052 052053 054053 046050 048051 053051 046049 048048 051055 047055 048048 053049
i390, 054053 047049 047049 048053 048048 053051 055048 053049 052052 052047 053055 052055 050050 049055 054053 051048 049050 047048 050050 055055 047051 049051 050053 052055 054052 047046 046046 050048 051051 046050 055051 050050 048049 046047 051051 050046 053046 050052 055051 054054 048051 050046 049051 050051 047047 048048 054054 046052 051049 055051 051051 055054 052050 055055 050051 049050 055047 048052 052047 048048 046050 050050 050047 055047 047046 051054 052050 050048 051047 047053 053048 047054 050047 054051 053052 051051 048050 051051 052050 051051 046046 055055 054051 048052 047050 047048 055046 054054 047048 052054 055046 046050 055049 054055 050050 049047 051051 048047 055052 051054
i179, 047054 054048 047047 049053 049053 046050 049050 055055 051052 053050 052047 049052 046050 047051 048047 055053 051051 049048 053052 047047 054046 050047 051051 055047 052053 054047 046048 055050 054053 049055 046052 055051 049049 053049 054055 046055 046046 049050 055049 055049 052047 050046 051052 054054 047054 046052 046053 049049 049054 053046 051046 051054 049048 046049 053051 050049 055055 052048 050048 048054 055049 051055 049049 052048 049049 053046 051052 047052 054051 047055 046053 046050 054046 050046 055055 051047 054049 050050 053050 055055 049046 049046 050054 047048 047049 051048 050051 055053 052053 047050 052053 048055 051046 053049 050048 047048 051054 055046 055047 049047
i376, 055054 050046 051047 047049 052054 049051 051047 047049 052048 054047 053047 054047 051052 055051 050052 050051 052053 047051 055055 050055 055047 046046 054054 055048 046046 054054 046051 049049 047048 051048 053047 049052 052049 049047 049051 055053 053046 052050 055046 049049 052050 052052 046050 055050 048047 046046 055051 049054 048051 046055 051053 047048 050050 052050 050046 050049 053052 052048 050054 048054 055046 053050 053046 048048 049055 049051 046046 052050 055051 055055 052055 054054 050046 048055 053055 051051 054047 053049 050053 051050 046046 055055 055051 053052 049048 053046 050052 051052 050050 047051 051046 055055 049049 049054 054050 047052 055051 051047 047052 052055
i588, 052047 050052 047046 048046 049055 047053 048050 049046 049055 052050 055053 054046 046055 047047 052047 048048 046047 049047 053049 051053 049051 053046 050054 047047 053049 049053 050048 049049 051052 052054 052046 053049 048052 049053 053054 055046 046053 052048 049055 051054 053049 052049 051051 055050 055053 050053 054047 055049 046055 047047 053053 047048 047049 048046 055046 050048 052052 052052 049054 054048 046049 052049 049053 047048 049046 051052 052048 048048 051051 055047 047053 050055 051047 046048 053051 049049 054051 050049 046046 051052 052054 050048 051051 053051 050052 047047 053053 053054 053053 047047 053053 046055 055051 049054 052048 046053 055054 051047 049051 049054
i369, 050055 047054 050049 048048 052049 046054 048048 053047 052049 047052 047054 052054 052046 055052 050048 052046 050050 047049 046052 054048 055055 048049 054054 049050 055051 054047 055052 053049 051053 054054 047051 047047 054055 049046 054055 046049 047047 050050 046049 048048 051047 054052 054050 051055 047047 048048 047047 046051 055053 047053 053053 052052 049047 050048 046050 052054 055048 052052 052050 048046 049046 055051 052054 052051 053049 053050 050053 055048 050051 055055 052052 051046 051051 049055 051055 047051 048050 046052 051050 052052 046049 047048 055054 047048 052052 054054 046053 046053 052052 047050 053053 046055 049049 055049 053053 048046 046050 046055 052052 046054
i115, 054048 049049 050050 049050 049053 048051 051054 053055 054052 050047 053047 051051 055046 051055 052047 052055 049046 047048 049055 052052 053054 049049 054054 047052 049052 054053 048048 055053 051053 053047 055046 046053 049046 049050 046054 049049 053046 053048 051051 046051 054055 046052 049046 051053 047047 054049 047054 054055 046049 050051 051053 050048 049049 055049 047053 054049 052052 051052 048055 054048 049049 055055 052052 048055 049049 054053 050048 052054 051049 055055 048053 051052 046049 046054 052051 047046 051053 052051 055050 053055 046046 046049 048050 047053 046051 050051 054055 047053 050052 047047 053053 051054 054051 050049 054054 048051 055052 051054 049047 054055
i332, 047052 046049 053048 046048 046054 053050 049049 046050 048048 050050 055053 055052 046050 047055 052047 047052 055051 049049 049053 055052 046055 049047 051050 047049 054049 054047 046046 051050 051053 048047 046055 050047 052052 049049 054053 055054 046046 053049 055051 049049 051055 052055 046049 050051 049053 049048 051054 055051 053054 049047 053051 048054 049054 046055 046046 047048 055052 048047 050049 054051 055047 052052 053054 055052 046055 046053 046048 054052 051051 052053 048048 054049 050047 055051 048048 049049 050054 046048 055050 051052 053052 046052 047048 055053 046049 054047 053053 051046 053046 047047 055053 046055 049055 055055 052054 046049 051051 048051 055052 055049
i352, 053055 049050 047049 050047 053048 054048 048050 051054 053053 050052 053055 051052 046050 052048 051053 052052 051050 051046 047049 055051 054054 053050 049051 048049 049051 046055 055048 049049 053051 047054 055053 051051 049052 049047 046046 050050 053046 053051 051046 055051 048052 050054 046049 051055 054047 046048 051051 055046 048054 053050 046046 048052 050054 052054 046051 052054 055054 052052 054050 050054 046049 046050 048050 048048 052046 053054 052049 052047 047049 052055 053048 046050 051050 050046 052053 049049 051050 050048 053055 052052 049053 050051 050047 052050 046052 053052 054053 048053 053052 047047 053053 055054 048055 047051 048055 052046 053052 047055 052054 047055
i47, 054055 054050 052049 048046 048048 053047 047049 046050 055052 049049 055055 052051 052053 051055 053046 048053 047049 049048 051049 048055 048047 048055 054051 052052 054050 046046 055046 049052 053052 052054 052046 051046 046052 047046 053054 053054 054053 048052 049048 049054 051050 052053 049051 050051 047047 048048 047049 055048 055055 053053 046046 055048 048054 048052 055046 050047 052050 052052 050050 054048 047049 055046 051053 051052 046049 054049 048049 051050 049053 047047 047052 050050 050053 046055 052055 052051 054054 052051 053053 055047 049053 055048 048050 048047 049049 052053 054052 053053 049053 048047 052055 054055 049055 055049 052048 048046 054054 047053 047049 049049
i256, 053053 054053 047049 046047 053054 051051 055051 054050 054049 052048 051052 049052 050055 047047 053048 047051 055046 051047 052052 054053 054053 050050 054051 052049 054046 049050 051050 055048 049051 046048 053051 051051 052049 049049 053051 050053 046046 048048 055048 054054 049047 055046 053054 051054 053047 053055 050051 047052 051055 055053 050051 052048 050049 046049 049046 047050 052052 052048 047050 048048 049049 055051 053047 051048 055055 051054 046046 047054 052049 055055 048055 054047 049047 046047 048052 047047 054052 051052 049050 051046 055051 054051 054050 055048 055051 050046 055053 049054 052052 050047 054049 055051 050051 053049 053049 046052 046055 046047 047052 055055
i105, 054048 053050 049047 050050 048054 053049 055054 055051 052051 047050 053047 047048 050051 054051 048052 049053 049050 053050 053047 052047 054054 048050 055048 051052 054055 047054 046046 047053 054051 048053 051050 049050 049054 050055 055051 055050 046046 050051 048055 055049 047047 049055 049054 055054 047047 048046 051050 048046 049049 047051 053053 054049 049049 052054 047050 047052 046055 051052 047050 048048 049046 050049 049048 048049 050054 054049 051046 052052 046051 047055 047047 051051 046050 046054 055052 051049 049050 049051 055048 052050 046054 051046 054055 047051 052049 051050 054054 054055 053053 052047 053053 051046 051055 055049 049052 048047 046054 051052 048055 054055
i660, 054054 050049 050047 050049 049046 051049 055050 049055 052048 050050 051051 051054 052050 051049 052052 050055 051055 047049 052055 051048 048050 049049 053048 047055 049054 047053 046046 048049 046047 051052 053055 047051 049052 049052 051054 050046 046046 053049 046055 046050 054049 050055 050051 053050 047051 054048 050050 047046 051055 046055 053051 055053 055047 046052 047047 050049 052052 052049 050050 054048 050046 055052 049049 054051 052049 053051 050047 053050 055055 055055 055055 047050 051046 054049 047052 047052 053054 046051 048046 050046 048046 054055 051052 047055 047048 051054 054053 053046 046053 052047 053054 051055 051051 049049 048048 048047 049051 054051 052054 048051
i364, 052054 047054 046051 049049 054048 049053 048050 049051 053054 050052 048047 054052 052051 048051 052050 046049 049055 052053 047050 052050 054047 050051 054054 055049 054051 047046 046054 049049 051049 054055 053053 051049 049049 049049 054054 055054 050053 052053 055046 049046 047047 052055 052052 050054 047055 053046 046054 046047 049046 055050 053053 052048 051055 052048 052047 047050 053052 049048 049047 053048 046046 050054 049047 049048 054049 054053 046047 049054 048055 053055 053053 050050 050046 055055 047052 052049 047051 053046 046050 052050 052049 054052 055049 048047 046046 053047 052053 053054 049050 055047 051053 055055 051051 054052 049054 051048 051052 047047 052049 049053
i303, 047052 053054 051049 050049 047055 049054 051054 054046 055055 052054 048055 052052 052051 055047 048046 048052 046050 051050 053053 055050 053046 050051 051048 055055 049051 050046 055052 055052 049047 052046 051054 051049 053046 053047 046049 049054 046048 051048 053055 049055 047054 052054 052052 050051 051047 046053 047046 046046 046054 053050 053046 048055 049049 052055 052054 048053 052052 052049 054055 051055 049046 054052 048051 052051 053049 049051 050052 050050 052051 047051 054048 054046 046046 052046 053055 049051 054054 051046 053053 047046 055048 055050 055050 047050 049047 046047 053053 053055 050052 054047 053053 052046 049049 049053 052049 053053 049053 047051 047048 048054
i572, 047052 054054 052048 048053 055048 054054 047049 047048 049046 054049 054047 054052 052051 052046 052052 048055 048051 052052 047055 052051 046053 051049 050054 049055 055049 046046 046053 052051 046054 046053 046051 049051 052054 047049 047046 049049 046046 046050 046046 048049 051048 046055 051050 051053 055053 054053 054050 046048 053055 055046 051053 048048 050046 050050 046055 053049 052053 048048 050054 048047 049049 048050 051046 049048 047049 053047 050052 048054 051051 055047 055051 050054 051046 046049 046050 049049 054051 046048 050051 052051 055052 050051 050051 053048 052048 052054 046054 053055 053049 051053 049046 052055 052048 046054 048046 052049 047051 047047 051047 048055
i516, 055050 050047 048049 050047 047052 053050 055055 047049 049055 052052 052055 047046 052050 046052 047046 048050 052053 049046 050047 052054 047048 050047 051051 047047 049049 053054 046046 047049 047051 051046 053053 050047 046048 049054 051055 050050 047047 046053 053055 049050 047047 052052 051051 050055 047054 048054 054050 046054 049049 046051 050051 051047 052050 052049 047046 049048 055052 052048 050050 054054 046046 046050 049049 051055 049050 054047 051052 053052 054051 055053 047046 052054 046051 052050 052052 051055 049054 046053 046046 052055 046046 046047 050055 050054 048046 052046 054054 049054 052049 051047 054053 055046 051051 049049 048049 047046 051054 051054 052046 052055
i610, 053054 054053 047049 047046 048052 049051 049051 051050 046049 047050 055055 052052 051050 055051 051053 055048 047050 053051 052053 050046 047051 046049 054051 049055 049053 055047 048051 049049 051046 054048 053053 051047 052049 049053 049046 046051 052046 053051 053050 046055 047047 046052 049049 050054 047051 053048 048054 052046 055046 049047 051050 049053 050054 048052 046051 048050 046048 052052 048050 048048 049046 055050 053049 047047 052050 051047 050051 050050 054054 055055 052053 051046 051051 055051 046052 052052 049050 048049 053048 052052 055049 049055 048050 050048 048049 051047 046054 053053 052053 047053 052053 055054 054049 055055 050048 047046 051054 051047 048055 052054
i804, 054052 050054 049052 054050 055052 046049 046054 054049 049053 052050 048053 052051 052048 051051 050047 047048 055051 053050 055055 054053 051048 053049 054051 055055 046051 053053 046048 049050 046051 051051 054054 053050 052052 047050 046054 051052 053046 048046 051046 050049 051054 049049 048049 051050 050047 048046 051047 049051 051049 051053 053046 048048 046051 054046 046053 049054 053052 051055 054048 048050 046049 046046 049049 051052 046055 053054 052050 048052 055049 047055 047051 046052 050046 046054 053051 055049 049054 046050 053050 051050 054053 055055 050050 053053 050052 050047 054055 050053 053052 047047 052053 055053 051049 054055 050048 047046 052052 052047 052051 048049
i493, 052052 054049 051047 050053 053051 053051 048049 049055 053055 052055 055053 049052 050052 049052 054046 051048 050055 053048 055053 054048 053053 051046 048054 049055 051054 046053 053048 053052 049051 047054 051053 051050 049046 049053 047051 050050 053046 053052 048053 049054 051047 053046 049052 051048 055054 046049 055051 046048 047055 047051 051051 054047 049049 048055 054046 049047 055052 052048 050050 052054 049049 050047 049050 049048 052049 053053 054046 046055 051055 047055 052048 054053 047051 046049 052048 051047 050050 051046 048053 048053 055046 048048 051054 046047 048053 054054 054046 050046 052053 052047 051046 050046 049049 053054 048052 052053 051050 047054 052048 049050
i127, 054052 055054 048050 050050 054048 053053 049048 055051 051055 052048 048054 052052 050052 055053 048047 052048 049050 047046 055052 052050 054048 050049 050054 049055 054055 053050 048051 049052 047047 052046 055054 051047 054052 047049 050053 053049 046046 051051 055049 048046 055054 052046 052046 050055 047048 050053 051046 054047 047055 051055 051053 049048 049050 048049 046050 048054 054054 052052 054050 048048 047053 054046 050053 048047 055049 050054 048050 048047 055051 055055 055049 052052 053050 046055 047055 051051 047054 050046 046051 046052 052048 050055 047054 055055 046049 047048 053054 053053 052051 052049 055053 051055 054051 055048 049050 047048 046052 046047 048046 046050
i458, 050053 054048 048051 049048 055048 055054 049053 051050 049055 050052 052052 048052 050050 050052 051046 048053 051049 048053 055052 054054 053048 049046 054048 055052 055046 046047 048046 055049 047051 054054 053052 049049 054052 047049 048046 052055 053055 052049 049050 049055 051054 048049 049049 050053 054053 053046 050047 047052 049049 050053 046053 048049 049049 054050 055046 050050 052052 055051 054054 047054 049046 052050 052049 055055 046049 051053 049048 048052 046051 047055 055051 053053 053046 055046 049055 049049 047050 050048 046053 046052 054048 046050 055050 050052 049055 050054 052055 046055 053053 047050 053055 055054 049051 054054 048048 048048 052049 051051 047049 049049
i673, 047054 053054 048050 050049 051055 050051 051053 046046 048054 052049 052053 049052 050047 052047 047054 048048 052053 047047 050049 052047 051047 046053 052054 055047 049055 054054 048050 049049 053049 052054 050053 054047 048054 052047 054055 054054 048046 053051 049055 049050 052048 052054 050048 048055 054047 048054 054046 055047 053051 053046 053053 055055 051055 046049 055050 047049 052048 047052 050050 054048 046046 051046 047049 048049 055049 054053 046047 052052 051047 048047 055049 054048 051050 050046 055052 047047 054054 050051 055053 055052 046054 054049 053055 053047 052049 054051 055049 047051 050050 049047 053053 055052 048049 049053 052047 047047 051049 051055 047051 049049
i748, 053047 048054 048047 047046 048055 048049 049047 055047 052052 049055 053055 049055 052050 055051 051050 048046 049050 048047 050047 052052 055053 050048 048047 049055 054050 048049 052051 049052 046047 046055 055051 050050 052046 047053 046055 053052 046046 051048 051046 046054 051051 049050 052051 055047 047047 048053 047048 048049 049049 051055 051053 047047 050049 052052 055055 054050 052046 049055 050050 048048 046049 052054 053047 051051 049047 053053 055047 048048 055050 047055 055048 054046 047051 047046 049052 049052 054050 051046 053053 052052 052054 047049 050046 053052 050048 050054 054054 053048 047053 047047 053053 054055 054051 049055 052053 047046 053054 047054 055047 055052
i160, 047053 050054 050050 047047 054048 051047 050049 050049 052052 050050 054053 047054 046051 055055 048054 048049 046049 047051 051050 055052 055047 050049 052054 052049 054053 054046 052048 053049 053051 047047 050054 053055 052052 047047 046046 050055 052053 048051 049048 054054 047047 046046 049050 055050 047053 048053 054047 052054 052055 046046 050051 053055 051055 052052 054046 047047 052052 049048 052055 054054 046051 052052 050049 048049 049049 047053 050052 052050 048047 049055 055055 054047 054046 046046 055052 047049 051048 052048 048050 052048 049053 047054 048051 047047 049048 054052 053048 053054 053050 047047 053049 046055 051049 053049 048049 053055 054049 055047 052054 055054
i433, 055052 049049 049052 048048 050055 054054 055049 050051 053046 050050 053047 048049 050048 054049 050052 046048 050053 051047 055055 046052 055047 050049 051054 049049 050049 054053 050046 047049 051048 046046 055047 051049 052052 049055 054055 050050 046046 053050 051046 055054 051051 051052 049049 055048 047054 048048 047053 046049 049055 047055 053053 047052 049047 055050 047046 053048 048051 048052 050050 055054 046049 054055 048047 051048 046049 050047 048046 049048 051047 054055 055048 054054 050051 054046 052052 047051 049054 051051 053053 055051 046052 050047 050054 055048 049048 048050 052049 054055 049053 048047 052053 046055 046049 054049 055049 054053 051049 047048 051051 052049
i578, 046050 054054 051051 050051 054054 051049 047049 055047 052051 050054 053048 054054 050047 051052 054046 052046 049051 049049 046055 052053 046054 047047 054054 047055 050050 046053 048048 049049 051051 047046 053053 055054 052052 049047 049051 055048 053055 052049 055046 046049 048054 052055 052049 051054 051053 048053 047050 054047 054055 046048 053053 048055 049051 052050 051046 054049 053050 052049 050050 052047 046046 050051 049047 051051 049046 054055 048048 050047 049046 055047 046047 053053 046053 047051 055052 051051 054050 052046 051053 051048 053048 055046 054055 051050 049048 050054 055051 051053 047046 051052 046052 055046 049051 049049 046049 048051 050049 054054 047051 054054
i661, 055046 054048 048052 049054 055046 051050 051047 046051 055052 052047 048046 052051 051050 055055 050053 049052 051049 048049 052047 054046 051048 048049 054047 053049 053049 054054 050051 049048 046047 052046 053046 052051 052049 052049 051046 051053 046053 049049 053051 054054 054052 046054 046051 053054 055051 048053 051050 055047 049049 046055 051050 048047 048052 046055 046049 050055 052048 052048 054054 054048 053046 054055 052049 050051 049049 051055 050051 054050 055054 053055 046052 054047 050046 049052 051053 055051 054047 046051 050051 052052 052051 055046 054050 050053 051051 050050 046054 053053 052053 047050 055055 046046 046049 049055 049054 048047 051052 055047 051047 051051
i292, 052054 048054 047050 049050 054051 051047 047048 047050 051053 050052 053055 049055 048050 051054 052050 051048 053052 047049 047055 052053 047050 049049 050050 053047 049051 046054 051054 048055 055054 046052 047053 050051 049055 047052 053046 049049 046046 053048 053049 046051 051054 055046 051051 050051 049050 053053 051053 046046 048046 046053 051046 047051 055049 048048 050046 047050 052052 048051 049054 048054 046049 049053 049049 054053 049054 051050 049046 050046 055051 047055 053047 046046 050046 050046 049055 049052 050054 049046 051046 047052 052052 055046 048048 048050 046046 050054 046054 054053 051049 046053 053055 046046 051051 053055 048051 055048 052052 049054 055047 054049
i43, 054052 048054 048049 047049 054053 054050 050046 049049 047051 050050 047053 055052 052048 055047 054052 049048 046051 052047 047055 050052 053051 048050 051048 049051 051049 047046 055051 050055 051046 046053 046055 051053 049052 049049 054047 053053 046046 053052 055051 050053 051047 052052 052049 055054 047051 048049 047047 055048 054047 046051 053053 052051 049050 055050 046051 055054 052055 052052 050052 048048 050050 052049 049055 054052 053055 050051 052051 048050 051049 047055 046047 053046 046051 054046 052052 051051 048050 051051 052051 048052 052054 050055 054055 047055 054046 047050 054046 047054 053046 047055 053047 055054 049049 055051 052049 053047 052055 046048 052052 049054
i678, 054053 054050 049047 048055 048052 048049 050050 049051 055049 054047 051055 051049 050048 049054 054053 048049 049050 049049 049050 053054 055046 049050 053048 055049 054053 046046 048046 049052 052047 049047 053051 053050 053049 047047 054047 049052 053047 055055 053046 054055 048051 049052 052052 051051 054050 054053 051050 046051 055051 050053 053050 054050 052055 052052 055050 050047 054052 052051 050050 048054 046049 055047 052050 048051 049049 051053 054050 048046 051051 054055 051053 054050 047046 049046 051048 049049 054054 046053 050047 052053 052054 055046 053054 055053 050050 054048 048046 053053 052050 047054 054052 054055 054051 055055 049049 046048 052049 046049 047047 050049
i784, 050050 054054 050049 051048 054046 050050 047051 054055 053049 055054 055047 054054 052046 047055 052046 047055 055055 048047 047047 047048 046054 050049 047053 049055 049048 054047 046055 049049 051051 046047 050054 047049 046054 053049 051046 046050 054047 050049 051051 048046 047049 052055 049052 050055 050055 046054 050050 049051 050051 047050 046051 050054 055051 050050 046050 047050 052055 052051 052050 048052 046049 050049 049055 047047 052055 053053 049047 046052 051051 055055 055047 049047 046047 054046 048052 046049 051048 051048 047051 051051 049046 055051 055050 047055 046048 054050 046053 053054 053049 047047 054046 051046 054054 053048 050053 047047 052054 054048 051052 054049
i368, 055053 054054 047051 047046 054054 050051 046049 047049 051049 050052 052047 049054 052053 055050 053047 047055 052049 051049 047049 053051 055047 046049 051047 055055 046054 047047 053046 053049 046047 047046 053046 050055 049046 047049 049051 046046 053055 051053 053048 049055 051051 055052 053050 053055 047055 048048 051047 055047 055053 048050 054053 048047 049050 055052 046053 049048 050052 052052 052050 048054 046046 053055 049054 051048 049046 054053 052048 048048 051047 055053 046055 050050 050050 050047 055052 051052 047047 050047 049048 050049 052049 051055 055055 047048 049053 052054 048048 053055 047052 053047 053053 050052 054054 049053 048052 049047 054046 047046 048049 054049
i60, 047052 048046 049049 047047 048054 050049 048051 055053 052054 050052 048053 052055 050050 047052 046054 049049 052051 047048 050052 053051 055053 049048 051054 055049 054048 055046 046055 055048 047053 046046 053055 051050 049046 049047 054046 055052 046047 053048 054055 055054 047048 046052 054055 053055 050055 053048 048051 047055 049055 054054 046053 048050 052047 050050 055046 054050 048046 052051 054049 046054 046050 052052 052047 052055 054049 047054 055048 048052 054055 051047 055053 054054 051050 046046 053051 052051 048046 050051 055050 046052 046054 050049 051054 052055 052046 054054 054046 047053 049053 047055 053053 052046 051049 049055 049048 054048 046054 047051 048052 055049
i273, 050055 054050 049047 048054 048049 049054 047046 054054 054052 050052 047053 047054 047052 053052 046052 050048 051053 053049 051055 047049 048048 051048 054054 049049 049048 047054 052046 049049 051049 046054 050054 049051 048052 049047 051055 049055 054046 048046 055055 054053 050046 055052 054052 051055 049049 053046 047050 048051 055055 055046 047051 048047 047050 049050 050055 047048 052052 047051 054053 048048 046046 046048 051053 048048 049049 053049 048050 052054 048051 055047 046051 052050 051047 055049 052048 055047 053054 051052 053051 052052 048055 047047 055051 049053 055049 049050 048046 049053 050049 047049 055046 055051 049051 055049 052048 048051 055055 047047 052048 052048
i679, 052054 054049 046049 046051 052052 047053 047047 048051 051053 050048 054047 055052 050052 054054 050051 049047 050053 049053 047050 052047 054047 050050 054051 055051 049049 048050 048055 055055 047047 047046 053046 051049 046052 049052 055052 055055 050046 049048 054051 047051 051054 055050 050052 048051 055055 054048 047047 051052 046047 047054 053053 046052 048049 052050 051051 054047 054051 055052 050055 048048 055046 051054 049049 048049 055046 054049 054050 052052 047051 047055 048055 052054 055046 050052 053049 049047 054048 050051 053051 052055 052049 049055 050054 047055 048052 050054 052046 053051 052051 053046 053053 052055 049054 055055 049048 048048 047054 051054 055054 046049
i328, 050055 054054 049049 046046 052053 051051 054050 048055 052052 052050 050054 052054 050051 051055 052053 048048 050055 047052 053047 048053 051046 049046 055054 047055 054054 046046 048046 048049 053047 054054 053052 049051 055052 047049 054046 052048 046046 050048 046055 049049 055047 055050 052049 051053 054047 048048 048051 055055 052050 048047 046050 054048 048050 055052 050046 049050 052052 048052 054048 048047 046046 052050 049049 048055 049055 051051 053050 046055 051049 055051 052048 046050 054046 049050 048049 049055 050054 051051 053050 051052 052051 055050 053055 051055 047049 046049 050054 053051 051049 053047 055055 046054 051051 049055 049052 052047 055051 048048 051052 049051
i167, 053047 054050 048049 049055 051047 047051 055047 046049 046052 047054 052053 052054 051050 047054 047047 051051 051053 051047 053047 053047 055053 049049 054051 055048 051051 050047 051046 049052 051054 054054 047050 051051 049049 047049 048055 055054 046047 046053 055046 054055 052055 046052 052049 051055 047047 048048 054054 054047 055049 053055 050053 050055 046051 052055 046046 054047 052055 052055 054052 055047 053046 054049 052053 049054 046055 054051 051052 050046 047051 055053 046055 048050 046047 052055 050052 051052 050050 049050 053053 054051 051049 052055 050050 051048 055053 050046 053048 054055 052052 050047 049048 052055 051054 049049 055049 046048 052054 048055 052047 049049
i68, 048050 046054 052048 050050 055048 051051 052048 050050 048049 052050 053053 047052 046053 052047 053054 048047 052047 049049 055053 052052 054055 049046 054051 055055 054051 047047 052046 049049 046055 048049 055055 054051 046052 046047 055047 051053 046046 051050 055046 048054 047047 049055 052049 051055 054047 053053 051047 047046 055050 055046 050053 048052 050055 055055 055050 047049 055055 052049 055050 054048 049049 055055 053053 051055 046052 054054 052050 048048 055047 047054 052053 054053 050051 049055 046053 047051 048049 051046 053050 055052 053054 051055 051047 050055 048049 051052 054048 055053 052050 054050 052053 055051 055055 054051 052054 048048 046051 055046 052052 048051
i117, 053054 049053 048050 049047 048053 047050 046055 055050 051048 052050 048046 054055 046050 054052 053047 053049 046052 050049 055055 047047 052050 049049 049048 049051 054050 054054 055048 049049 047052 052046 053055 050051 052054 047049 046046 054049 050046 050048 046055 054049 047049 050054 054055 055051 048047 054048 047047 054054 049047 046051 051052 048055 047050 055055 046053 052047 055052 051052 054048 051048 046046 052050 049051 051051 046050 054053 051048 050046 051051 048047 046047 048051 046050 054051 053046 049049 051047 050050 050053 055049 054054 049050 054050 051046 048051 050052 054049 047046 050046 047052 049053 046047 049054 049049 049054 046048 054049 053047 050047 055049
i164, 052053 046054 047051 047050 051048 047051 048050 047050 054051 050050 051055 055051 050046 055052 050046 049051 055055 047047 055053 052051 053048 046046 051054 051049 049051 047054 055055 049048 047051 047047 047047 051052 052052 052053 049047 049054 047046 050050 055046 050047 054047 049049 051049 055050 047054 054046 050054 046055 049046 051048 046050 048050 049050 052052 052049 052054 052055 048052 054050 055051 052046 055052 047050 053051 047049 051053 052051 052049 051052 055051 052048 047054 050046 049049 052052 051051 049053 046046 053049 054050 046052 048052 055054 051050 046051 054054 046055 047053 050048 047050 050051 055053 049051 053053 052049 049048 049054 051054 052054 049051
i399, 054052 052048 047048 050048 055054 050047 050054 055051 055047 052050 055055 051052 048050 051051 053047 048051 049052 047052 051052 051048 053051 049050 051054 049055 054055 053050 055055 055049 055055 052054 050046 051051 052052 052047 051053 049051 054047 048053 052050 054054 055047 052049 049049 051055 055047 052048 047047 048055 051051 051051 053047 048047 051055 055049 050054 048050 055055 055052 052049 047051 049049 049050 047047 052055 049049 052053 052052 052048 050055 052047 046047 051053 046046 046052 051052 049052 053054 049050 048046 052048 054053 046048 051050 052055 049050 054050 054054 054048 052051 052050 054053 046046 052051 053049 048053 046052 054051 051052 047051 052054
i213, 052055 048048 048048 050047 047048 050051 049050 047055 048049 048055 047054 047054 052050 052047 051051 048050 053050 049052 055053 052052 048055 049050 054048 055049 049046 046054 050046 049052 051051 049047 055051 053046 052052 047047 046053 054055 046046 048053 055053 050049 054051 046046 054049 054050 055055 054050 046054 047052 053051 053048 051046 051048 050048 052054 051046 054049 052052 051052 054054 048054 053046 050053 050050 048048 047049 054054 050050 046048 055051 047047 049046 050054 047047 055055 048055 052055 051050 046046 048046 052048 053052 055047 050050 053055 049048 047051 054054 053049 052053 046047 049051 055055 049052 049049 053054 046048 049053 055054 048051 054046
i803, 054054 048054 050051 046049 054053 051051 055048 054050 054047 048052 053048 052054 052052 047055 052054 048049 051051 053047 055052 055055 047053 048049 049052 049055 054049 048050 055050 049049 047048 049054 053055 050050 049054 049049 054049 051049 053053 048051 055046 051055 052046 055055 051049 055051 055047 050049 051054 047054 049051 055055 053046 052048 050055 050048 051050 048047 055052 052049 053050 051048 046046 046050 049049 047048 049046 054054 046046 048050 051054 053055 053046 054053 047049 055050 052055 051049 051051 050050 049054 052052 055048 046055 050054 048047 050046 051054 055046 051055 053050 047047 046051 055052 051051 054047 055049 048052 049055 055051 047049 054049
i156, 053054 047047 050047 053050 048051 053051 048049 046049 048055 053050 052055 051052 050052 049048 050052 050049 055051 052050 052050 052047 051054 046053 047052 055047 051054 046047 054050 049049 046051 046052 053047 051051 052046 049049 046046 052046 046055 048053 046055 049049 054054 046049 052050 053048 054055 053046 054054 055054 051055 054053 053050 048048 051050 054053 046051 049047 055052 051048 050051 048048 046046 051048 054050 051048 055049 051053 050052 048054 047054 055055 052048 050054 046046 046046 052052 055046 051047 051051 055055 050052 052049 047055 051055 047053 050046 053052 053046 053054 049053 047047 055053 046055 049049 053049 049046 048048 050046 046047 047051 051047
i484, 046053 047054 048050 047051 049048 049051 046051 055054 049052 052052 055053 051046 046048 055047 052054 048047 052050 051047 055050 053048 053047 049049 047046 049049 053049 050050 048052 049053 051046 047054 054046 051050 052052 049047 053046 046046 053051 049053 046055 049051 048054 049055 049052 050055 049047 053048 047053 047055 049054 047050 051053 047048 046047 055048 047046 049047 051052 052048 048049 048048 053046 055053 049055 052051 049049 051049 052047 050048 050051 048055 055052 051053 051052 049047 046055 049051 046049 046047 050048 048051 055052 055050 050055 047055 052048 050047 046054 052054 046052 053047 053051 046055 054055 055049 053048 047048 046049 052049 048052 050055
i225, 047047 054047 047051 050047 053055 051054 047048 047052 047049 054047 051054 052051 050055 052047 054053 051048 053053 048047 049052 052054 053054 050049 054051 055055 048048 046047 048049 049055 049054 054054 053054 050051 049049 052049 051047 046055 050047 049050 051051 055054 054051 052050 050049 049054 049054 048050 046051 054047 051051 050055 049053 047047 049049 055052 051051 053049 055048 052052 047048 054048 053049 052048 050055 047048 055055 051054 052046 052055 049049 047049 048046 051054 055055 048055 053052 051049 054053 046051 051051 050046 048046 046050 050050 048055 052053 053054 046054 053053 052046 046046 055053 046046 049049 055054 052048 048046 047047 052051 052047 054055
i102, 050047 048054 052050 047055 048054 047047 048047 050050 049052 050050 054046 052052 049051 047047 046054 051055 055050 051048 049055 053052 048052 046049 046054 047051 051051 046047 054055 055049 055053 046046 046047 051049 049049 049047 051054 051054 047053 053050 049046 055049 047051 052049 049051 054054 055047 054049 054051 055046 055049 055046 053051 053055 050053 046046 050050 054049 054052 055048 049052 048051 047048 055049 049055 047051 046049 055046 048053 052054 054050 055055 047053 046050 046046 049055 054055 049050 054051 049049 053052 050048 046055 055055 046049 047055 052048 051054 046054 046051 049053 047048 055053 055055 049051 049055 052052 049054 054054 046048 055052 049053
i125, 054046 048054 047049 046053 051053 050050 051048 055051 053049 054047 052050 055052 052050 049048 052052 051049 046046 049052 050052 053048 048046 049050 047047 049049 049048 055054 046051 052055 053051 051048 055055 051053 052054 052047 051054 055049 050053 050051 055046 049053 054049 048046 049051 051055 051054 048053 054050 052046 051051 055053 051053 051048 055049 050052 046050 047047 046048 052052 054050 048048 049046 051050 052052 048049 046047 053053 046050 048046 048053 047055 049051 052046 051050 046055 046052 055051 047050 046050 048048 052051 053053 052050 050051 055047 049052 054054 050053 053055 051051 047047 046052 055051 049048 051055 052052 053046 052046 047051 047050 048054
i566, 055047 054054 049046 047050 054046 050049 047047 051047 051048 052052 055055 051054 052052 051048 054050 046050 053047 049051 052052 052052 050050 053049 054047 047052 051054 055046 052054 052050 049053 047053 051053 049051 052049 047049 051051 050049 053047 053049 046055 054054 049055 049052 052050 054054 054047 048050 047046 055047 050055 051046 047053 048052 051049 046049 046055 050053 048055 052052 054049 048048 046047 046052 047049 048047 049046 053051 048047 047053 051051 054047 046047 055051 054053 046055 055048 051051 054049 051050 050049 048051 054052 048047 055050 049047 051048 053050 054054 054053 053053 047047 052053 055055 049051 053049 049052 048046 053054 055047 047047 053049
i613, 052050 053046 049049 047047 048048 051050 054050 054051 052049 050050 048053 047053 051052 051052 054052 048053 046046 049047 050055 052051 048050 047046 051054 049049 049051 054046 051051 052052 047051 054047 055046 046055 052052 047046 046051 049048 047047 053050 051055 054049 047054 052053 054047 048051 050055 050046 048048 055047 049054 049047 046050 048051 055049 055048 051053 052054 051055 052048 054054 048055 053046 055055 049052 048055 055049 054049 050055 052046 046047 055055 047053 054048 054046 046054 053055 051049 054052 048050 048053 051052 052048 055048 050051 048048 048046 050050 048053 054053 046050 047047 052046 046055 051054 053055 049052 054046 049054 047055 053047 054053
i512, 052054 047049 052048 050049 048052 055050 054050 049047 047052 054053 053054 054052 050046 054048 053055 048053 051049 051047 055052 052052 055046 048049 054052 049055 049051 046054 054055 052049 051055 046048 053053 051047 049052 052053 048046 052052 053053 053048 048046 055046 047054 052052 046050 054051 052051 048047 050048 046053 049049 046055 051053 048047 054049 050050 046055 049054 048052 049052 054054 048047 049046 051050 053049 055052 046055 052049 050055 046047 051048 048055 048047 049053 046046 055055 047055 055049 055053 046051 051055 050051 048055 055048 050054 055047 051048 054047 046050 053055 052050 046046 054049 055051 051054 048049 048051 048049 049052 046054 048052 049050
i649, 048054 049053 050046 047055 048053 050050 048047 049050 053051 055052 053055 052055 053053 052048 052050 047048 049046 052048 047053 053054 048046 046050 051050 055050 049055 049046 048052 049052 051052 050052 054053 051049 052049 049049 049046 053053 047046 049048 055049 055049 047047 055055 052049 053055 054049 053055 055051 052052 055051 053053 051053 048047 051049 055046 051051 050048 052049 052051 049050 048048 046049 050046 054049 049047 049047 047050 055052 052050 048055 055047 046055 046047 053054 054046 048048 051049 053054 051049 053055 051052 048046 055055 051055 052053 051046 054047 052046 053053 052054 052047 055052 052052 051049 053055 052052 047048 046054 055049 047052 055055
i663, 050048 049047 048051 055050 048050 055051 047048 055050 052052 050052 047053 047052 050050 055047 047046 049052 050051 048049 050053 052054 053050 047046 051054 049047 046050 054047 055048 055052 053051 047046 052053 051051 052046 047049 048055 054050 046053 053053 046055 049049 048055 046046 049055 055055 055047 053046 047047 048047 049055 047050 047051 047054 049048 049053 054051 052047 055049 049052 052049 047048 049046 046046 052053 048053 049055 053051 046046 047050 046046 047047 055046 052049 046046 054046 052055 046049 049051 048048 050051 052055 048053 051049 055047 052047 052048 052049 055054 055054 052048 050053 053052 046050 048053 049053 049053 048052 049051 054048 052054 050054
i91, 050053 054053 049049 055049 049050 048047 049047 055050 051055 052052 046048 052052 051052 051047 052047 047053 046053 047047 052047 052053 049046 049055 050054 052049 049048 054046 050046 049055 046055 052046 046047 049049 052052 049049 055054 050051 047047 049053 046050 055054 047051 054050 050050 051055 047050 048052 047051 054054 049051 053055 051053 052049 048049 052046 047051 048048 052052 055049 055054 054052 046049 046054 053053 048052 052054 051049 052050 048047 048053 051055 046051 054046 054050 051046 050052 051052 047047 052052 055048 050047 053052 052052 054050 047053 050051 052050 054051 054047 049049 051052 053048 055055 049049 049048 046049 051048 051054 047046 055048 055050
i370, 055053 052048 051049 051049 048053 048050 048051 055051 046054 052050 053055 052055 052050 052047 047048 047050 051046 049049 049055 053052 048055 054049 051054 049048 049049 053050 046054 052049 046047 046054 055054 047050 052046 047053 046053 052053 053046 052053 055048 053050 047051 046050 054051 055050 052049 048048 046047 046049 049049 050047 050053 048048 051049 055052 051046 054049 055055 052055 054047 048047 046046 049046 053049 047055 053047 054051 052052 050053 052048 053055 052052 052054 051050 054055 055055 052051 050053 053051 046050 052052 052054 048048 051051 046046 051048 047047 054054 053053 052053 046053 052055 046055 050053 049054 049053 048054 053055 049051 047047 049048
i73, 048048 046054 049049 049047 053054 047049 054048 048055 054052 052050 053047 052054 052052 048047 047053 049046 050046 049051 055048 048047 046051 049049 054048 047055 048051 047054 051046 055053 051051 054054 051047 047049 052049 049053 055055 053054 046054 053049 049049 048049 047051 055055 052051 047050 055047 054053 049050 046055 051049 051051 055055 048048 051054 055052 050051 053050 052048 052051 050054 048051 046046 048055 049052 051048 049049 050051 055047 048048 053055 053055 055048 046047 054055 052052 050055 049053 053051 051050 052049 055055 046052 052055 051051 055047 053050 050051 046050 052052 051053 047049 052054 055054 049051 054049 049052 046052 055052 051052 047047 052049
i771, 052052 055054 049049 049054 046050 049050 046054 054050 052055 050050 047053 051054 050046 051049 050046 047046 047051 053052 047053 052052 047053 046050 054050 055049 049049 047046 053051 049049 051054 052052 054050 050047 052052 049047 049054 055049 046048 048050 047051 050055 047047 054052 052052 051047 055054 046048 047050 048047 051049 055054 051053 048052 049054 055052 051050 050049 051052 051052 053050 048053 046052 046055 049049 050050 049046 054054 047048 050050 051051 048055 052055 053052 054046 054050 052055 052047 051055 053049 051049 051052 053055 048052 054053 052055 055049 051047 055046 053051 053052 046055 055053 055051 054048 048051 051049 048052 054054 047051 054051 051055
i432, 047048 047054 047048 049047 055053 050055 047054 047050 054049 050047 047055 052047 046046 054047 046053 049052 055052 047051 055049 047053 047047 048049 051049 055049 055054 055046 048055 049049 051047 050052 052055 051050 052048 049049 049046 055055 046047 053053 049053 048052 052051 052046 052049 054050 054050 048052 050048 052051 049048 047055 051053 048048 048054 046053 050047 048048 055052 052052 052050 054054 049055 048052 049049 051048 049055 053050 048053 050052 055051 055047 052052 051050 054046 051049 050052 049050 051047 053049 051051 052051 046052 046054 050054 051055 049051 049050 054053 053052 049047 051048 053049 046055 051053 049049 052052 047047 054054 051047 049047 051053
i153, 054052 049054 050047 047047 052051 048049 053047 047046 055050 052049 053053 047052 051048 052049 052054 048048 049050 048052 049049 048055 049048 046049 050048 049055 053049 054046 055055 046053 055051 053048 055051 051055 049054 047049 051051 052054 046051 055048 055055 046049 052047 046052 051052 051048 050047 051049 051050 048055 049048 051055 046046 048052 051046 054046 054046 053054 052053 051048 048048 051052 047046 055046 046048 047047 053049 053053 048051 047050 051053 052055 055048 054050 047051 054047 055052 046051 054054 049048 049048 052048 046049 047055 055048 055055 046048 050046 048046 055053 048047 048047 052052 054046 049049 055055 054052 047055 051052 052046 047047 052051
i471, 050047 048054 048048 049048 051048 054049 053053 054050 052049 047053 046047 051046 049046 047055 054052 048048 053049 046053 053055 048052 046054 050049 049049 055047 049049 054054 052048 049050 054051 053046 052055 051050 054049 047051 049049 054053 054051 046052 055051 051046 055054 049054 049049 051047 049047 046046 051048 055047 052049 053055 050051 055047 051051 050052 047046 047054 051055 052051 050050 048054 049055 055051 053047 052047 049049 053051 052052 048048 051049 047054 046055 054050 049049 051054 054055 055049 051050 051049 047053 052052 055053 049048 048050 053053 047046 050047 049054 054055 053053 052048 054053 046046 049051 054055 049054 048048 055050 046054 055052 054054
i773, 054052 054054 049050 055048 053048 051053 048049 050055 054054 048048 047053 051051 050050 046050 047050 052048 049050 051049 053050 048047 054051 048046 050051 049047 054049 047054 051046 053049 048049 048046 054046 053047 049049 047049 054054 050049 046047 052053 055055 046049 051052 046046 051050 050054 047055 054048 046047 049047 050053 048051 050046 048048 051049 055050 046046 049047 052055 048052 055050 047052 046046 055053 049049 048047 049049 051053 050052 050046 048055 051051 053055 054049 046050 051049 052052 047051 050055 047050 053050 048051 048053 049049 051050 051055 049048 052054 048054 053047 053052 052047 053053 055051 049046 048049 055055 046051 051052 046053 047055 050049
i39, 054054 054050 051047 046048 048050 050053 050050 050051 052051 052047 047051 052052 050049 054049 054053 051048 050051 048047 050055 048050 048055 049048 048054 055049 048051 046054 051054 049049 049047 053052 052053 053046 049052 047055 046049 055049 046047 053053 055048 046055 047051 052051 049051 050050 053054 053052 051046 047055 050055 050050 046050 048048 053049 046049 050046 053049 052052 049052 050050 048048 046046 049054 049049 048049 049055 053054 048052 052054 051051 047055 048052 051052 050047 051055 049046 051046 054054 051046 051049 052055 054046 049049 047050 055048 055051 050047 054046 053053 050051 051050 046053 055053 052049 055049 046046 048046 054054 047054 049047 055054
i708, 055054 053047 047051 049047 052052 047049 055051 049055 049052 047050 048048 052052 052052 051052 054051 048046 050055 053047 049047 048048 048047 050050 050047 049049 055049 046047 052046 055053 051053 046047 055047 051046 048052 047049 055051 055050 050046 051051 050046 049055 048047 049055 052052 055055 049047 048046 047054 046046 050051 053048 052053 052050 051054 050055 055055 050049 055055 048051 050050 051048 052046 050049 047049 048047 049049 054054 049050 050048 054046 055055 048048 050055 046052 054046 051053 055051 053051 051049 046053 052050 053050 048049 051051 047051 047052 053053 054052 054053 050049 047052 053052 055046 049049 049055 051048 053047 047055 048047 052053 050047
i601, 055049 054048 050047 050050 052048 051051 048047 052054 049052 050048 053047 052052 046052 052054 048053 051049 049049 047049 052049 053047 054051 046049 047054 049049 049055 046055 055046 047052 053047 048054 053046 053053 049049 049049 055054 050053 046052 053053 050049 054049 051047 055049 049055 054047 052051 054048 047051 048047 054054 051048 046053 048048 052049 049049 055046 055047 052052 051052 050050 054047 049047 046055 052053 052047 049052 054051 050053 050048 052049 055048 046051 047054 046046 055050 052046 049051 050054 050053 051046 051052 052051 055047 050055 047048 052053 053053 054055 055055 053047 047051 046053 046055 051055 055049 052052 047048 049055 054046 047055 048052
i133, 048049 048053 048051 046048 049053 050051 054049 049049 048046 047048 047053 052054 050050 052055 050046 050048 049052 048049 055050 053053 051047 050047 054054 049049 048051 054054 046048 055055 047046 046054 046055 051050 052052 047049 051046 053053 046046 053053 053048 046055 047047 046053 052049 055051 047053 055049 054046 055048 055047 055053 053051 052048 048050 055049 054046 049047 048053 052048 050050 048052 047046 050053 048048 054052 046049 046054 050050 052051 051051 048047 047047 053052 054053 046054 053052 055047 051047 051050 051053 049052 046046 055055 054048 055050 049049 054052 054055 054053 050053 052052 053055 052046 054051 055055 048052 053048 049051 047051 047051 049050
i463, 053054 055050 049049 047049 048050 050050 050050 048055 054051 054050 053052 047052 051052 052051 048052 052048 049052 049049 049046 052052 048050 050050 054054 047055 046050 046054 048046 051049 049046 051050 046055 054051 052052 053046 051054 051048 046046 051046 046055 048049 051054 052052 054051 050054 047047 049054 048048 047049 048051 055046 053053 048047 049051 050052 053050 053047 052052 049048 054051 048051 046050 051055 053047 048055 049055 053051 052050 050051 050046 047055 047048 050050 046051 049054 052055 049049 050053 050050 053051 055047 046049 051055 050054 052047 053049 047054 053054 051053 052050 048051 052048 055055 049048 049054 055051 048048 051052 051047 047052 049054
i586, 052053 050049 048048 047050 048055 047051 053055 051052 049051 047050 054053 052052 050053 052050 046055 053047 055055 049049 055053 048053 054051 050051 053050 055049 049046 054054 046050 049055 051051 054052 053055 046049 049052 049049 051051 048052 046048 050052 049050 049046 054055 049046 052049 051051 054046 053053 051046 055055 051053 055051 053053 055050 047047 046049 046051 052050 052055 049052 050052 048052 046049 049051 053053 048055 049049 053050 046052 055052 047051 048055 055055 046046 046051 050046 048052 051052 051053 051051 053053 051055 049053 050055 051050 055047 050053 048053 054046 047051 051047 047052 052053 055055 049049 049047 049055 046048 046054 054046 051052 049054
i520, 052055 054054 049047 049048 050054 051049 048049 055051 049052 047049 052051 047054 053054 050054 048050 047046 048051 048047 055053 046051 048048 049050 054054 049049 046049 046054 048048 053049 046053 054054 051055 050046 052052 053049 051053 049046 048050 048050 047055 051049 047055 050046 047052 055050 047054 053048 051050 049048 053049 055053 051052 048054 048049 055055 050046 049049 055052 049052 050050 051051 046049 055050 049053 046048 049049 054049 050050 048047 055047 047047 052047 050054 051047 049055 048052 051055 051054 049051 051051 052046 052052 055055 054048 055047 054049 046053 054051 053047 053053 050047 052054 055055 049049 054051 052048 046053 051049 046051 053051 054055
i98, 048055 055054 050049 050051 048055 050047 050053 055049 049052 047050 048055 053052 052050 054055 054046 048048 053049 049053 055049 053048 051055 049049 047051 049055 049054 048047 052055 049055 047046 051046 053053 050051 052052 047052 051049 049053 046050 046051 049049 048050 055055 052051 050054 051055 047047 051048 048051 046047 049047 053051 053051 050047 055050 055046 047051 047048 050055 048052 050054 051051 046055 055050 049048 051047 049052 054046 052047 052048 048047 055055 051053 047050 053053 046052 046052 051049 049054 051050 049053 055052 052053 054050 050054 046047 051052 046054 054055 055053 053049 046047 046052 055055 051054 049049 048055 052054 046051 051052 048052 053052
i517, 048054 050050 050049 047050 048052 054048 051050 055048 052049 050052 053055 054052 050051 051055 050052 048049 050046 047049 052046 046052 051048 050049 050051 047049 046054 047054 055053 053049 049046 047048 053046 050051 049049 053053 053051 052052 054053 051053 055046 050050 051049 052049 050049 051050 049050 048054 048049 054047 053053 055046 051053 053047 050046 046046 050046 049050 055046 048052 049050 051048 046046 050049 049053 047047 047046 053053 047047 046048 051047 051048 053052 050054 054046 055051 050052 051051 050050 051051 050050 048050 048046 046055 055055 050055 048051 053050 054055 053051 053053 052052 048053 046055 049049 055054 049048 053046 052046 054049 055047 046053
i505, 054047 054048 049050 050046 050055 053053 054051 055047 052047 048052 047048 049052 052053 052047 052047 053046 051046 048051 055055 052054 051055 049053 054047 047055 051054 048046 048051 055052 055047 047046 046053 049051 049052 047049 049047 053049 046047 049048 055049 055055 054047 052052 049050 053051 053047 048048 053050 051052 049054 055053 051051 048047 049050 052046 046051 052054 055052 048052 050055 054054 049049 053046 052048 048053 049052 046054 048051 052052 055047 055047 053046 050054 050046 052055 049048 051055 054050 046053 047046 051048 050051 050055 051050 047055 048049 053054 046053 053053 052050 046055 054055 046046 051049 055049 048049 054049 051053 055055 054051 049052
i561, 054055 055054 049047 053050 052048 051047 053046 048050 051046 048050 053048 055052 050050 055047 054047 052048 050049 054048 053049 047051 052048 048046 054051 049049 054048 046046 051048 055048 052053 047051 046053 051051 049048 049047 053051 049054 046055 050053 049046 049049 052047 046046 050050 054054 051048 053049 047048 055046 050053 055055 050046 050047 049049 050046 046054 055054 048052 052052 050050 055048 050046 053052 048049 048051 051049 046053 046047 049052 051051 055055 055055 052054 047051 054052 052055 052051 050051 049051 046053 052055 046046 047052 047051 053049 047049 046046 054054 055055 050046 052049 053049 046055 051048 054049 048052 047046 050055 049051 048052 049050
i750, 046055 048054 052050 048049 048050 051051 050049 046050 052049 049049 053053 052055 048048 046055 050048 048049 055055 051047 055049 052053 048055 047046 051054 051055 048050 047047 055050 049053 047047 046054 055053 055051 046048 049049 046047 051049 046047 052048 046050 046055 047055 052052 046046 051053 054053 048046 047051 054055 055049 053047 050046 048048 050050 052052 046046 047049 051055 055048 054052 048048 046046 050050 054052 051055 050046 050053 048052 047050 054050 050054 046047 054046 046047 055046 052052 051051 054055 051050 053053 052052 050052 055051 051050 055053 050055 050053 046046 053054 049046 047052 053054 055052 053049 055053 049049 052048 051051 047054 051052 049050
i6, 052048 052050 048049 051046 046051 050051 048051 046051 049052 050052 048055 052052 050050 051053 047048 049047 055050 051051 047055 054048 048055 050049 051053 049052 054049 049047 055053 049052 047049 054047 053051 053050 052054 047047 055054 054050 047047 052046 046053 048047 055047 049052 051051 054050 047055 048046 051050 046047 049049 053055 046051 051048 049050 046048 046051 048054 047052 047055 048050 054048 046046 050048 052049 051048 049049 054049 053052 046047 051051 051055 046051 047053 053051 055055 052054 055047 054054 048052 048048 055055 046047 047047 053054 047052 048055 054046 046054 048054 050050 049050 052047 055046 050051 055049 055052 048046 052047 054054 049055 049049
i501, 050054 047050 052047 051050 046054 050047 051048 049049 054049 052050 055052 052051 050055 051051 048052 048052 052050 050047 050050 047052 050055 050051 050054 055049 050053 050046 048048 049055 055047 054046 054055 047051 049049 054049 049046 053053 046055 049049 055055 053049 051052 055055 049049 054050 049047 046053 053053 051055 052049 049046 053053 048052 054049 055055 046046 049049 055054 055052 047050 051053 050046 046050 049047 049054 049049 049046 046050 047046 051049 049047 047047 051051 046046 047051 049055 051046 052053 048051 053055 052048 054053 051055 053051 055051 046052 047050 055053 053049 053051 055047 049052 051055 051049 055054 049051 048054 055046 049052 054052 049049
i668, 050054 053053 052047 054051 053052 047053 048049 055047 047054 050050 051047 052054 055046 050055 052048 053048 051052 049047 052047 055052 046055 050046 050054 052049 049052 054046 046048 049055 052046 051046 051051 051047 046052 049052 054055 055054 047047 053053 051055 048049 048051 052054 054054 051051 047053 048048 051047 052046 049051 051050 051053 048053 049054 046054 046051 050048 052055 052052 054055 048047 050046 050048 049051 048048 053051 050053 052052 048051 049051 047055 051047 047054 047050 049048 055055 055051 051048 046051 047050 052055 053050 048049 050050 048047 048048 047050 054055 046053 053050 050047 046049 046052 051048 055049 052052 051054 055049 047046 048048 055054
i467, 052054 054048 049047 047050 047053 049053 054048 047051 052049 054055 053055 049051 046051 047049 050050 047049 051046 046047 047049 052047 048055 047047 054054 049047 049048 046054 052051 049055 051051 054049 046052 049051 052048 046053 051046 054055 052046 050053 046046 055054 048048 054049 050050 055050 047047 048048 050047 047051 049050 055055 046047 055048 048047 054048 046055 053054 052049 049052 050050 054051 050049 049046 054049 048051 052049 048050 050052 050048 051046 055048 051052 053046 050050 046048 049052 055049 048049 046046 053050 055051 049046 055050 054055 047052 055049 049046 052054 054054 052052 047054 048047 046050 051055 054051 049052 048046 046050 047049 049052 049049
i691, 054048 047048 049047 050048 050054 051047 047050 046055 052048 050052 053053 047054 050050 049051 047050 055051 049049 047051 050052 052047 048048 046050 052054 049049 053054 047047 055052 049055 049054 046052 053053 047050 046053 047049 047047 052055 053053 051046 055049 047054 046051 054046 049051 051053 051047 053054 051048 055055 055049 055051 047046 048049 048055 049054 055050 050049 049048 054051 051050 052051 048046 055055 049049 048048 049046 046050 055046 047048 051051 055047 048052 053051 051046 050054 052055 050047 051052 048046 053053 052050 055046 055048 054050 047055 047049 053052 046046 053055 052050 049047 054054 046046 051051 047052 052052 053048 052046 051054 052047 053054
i716, 052054 050048 050051 047048 053054 050048 047050 051048 047049 052052 055053 055052 051052 052046 046054 048048 051053 049051 050050 048052 047048 047049 054050 055055 049050 053053 055046 049055 047051 054049 055053 051051 046048 055049 046053 050055 046046 051053 048046 049051 047055 050050 050050 054050 047054 048046 050048 046048 054054 050050 047053 048047 053054 050053 053046 050048 053049 051048 050051 051048 046046 055051 049050 051048 049049 053051 053051 048052 054050 055055 048047 052053 050053 046055 052052 046049 051050 049051 055046 050053 046046 050055 051055 047050 049055 047052 050054 054048 052050 050052 046052 055055 046049 054049 054051 054053 054051 055049 047055 054054
i544, 053047 054054 050047 049050 054049 047047 047054 046054 053053 050050 055053 047046 052048 051047 052048 050048 046049 053048 050050 047053 054051 049055 054055 052049 055054 050055 055053 049049 049049 052051 054055 053049 046052 047049 053051 053050 046046 050053 048055 046050 046054 055052 049049 054055 050048 046046 047054 046054 054055 055048 050054 048055 049052 055049 055048 054050 055055 052052 050054 052048 055046 055046 052053 051055 054049 046049 052046 048047 051051 047055 046052 046050 050046 055047 053055 051055 049047 053049 050051 048046 052054 048050 051054 048055 049053 052049 053048 054051 052052 047051 053048 046046 049051 053055 046049 046054 054054 051047 048052 055049
i277, 048050 046050 047050 050051 048054 054050 055047 051049 053053 050047 055053 047047 046046 051050 054052 048049 050053 052049 050055 052053 048047 050047 051054 049052 055049 055054 055048 052049 049051 046046 055053 050051 046052 053050 049047 055055 053046 052048 046046 054054 047054 049055 049051 050053 047053 053050 051047 046047 050055 053051 051050 048048 050050 055052 053046 051052 052055 052052 050050 054048 046046 055052 049049 055055 049055 054053 048048 047046 051055 048047 055052 054050 046046 051055 053055 046049 051054 046051 049053 051052 053048 049046 055051 055053 046048 049050 048054 052055 054052 047047 053055 055046 055048 049054 049054 048053 051052 047046 052048 052049
i50, 052048 054047 047046 049054 050052 050053 050048 054054 046054 052049 055054 055055 050053 051047 048054 048055 051050 051049 053053 051048 055053 050048 048050 055047 049049 046050 051055 049049 049051 047046 053047 050051 049049 047047 046054 054049 047047 053055 046049 046049 055051 050052 052049 050053 047047 053054 047054 048047 054055 053050 053051 048050 050051 052052 046046 054050 055055 051051 050047 048048 049046 052049 049051 051051 047049 053053 052046 048052 055055 049047 055052 050052 051050 046054 048049 046049 047047 051046 053051 052051 046053 051055 051048 051051 048046 048053 054048 053053 049046 050049 052053 046048 051051 055049 048049 047048 052049 055047 054046 055054
i687, 054046 054046 051049 050047 048054 053051 051053 047051 052049 052050 047047 047054 050052 047051 052052 053048 051052 049048 055055 052050 048055 050055 054050 047049 049046 055054 048046 053051 046047 046050 046055 050051 052052 055053 049051 055055 053046 049048 051051 049049 047055 050046 052049 050046 055055 048053 050050 052052 049049 055046 050051 054048 049052 055052 051050 050054 049054 052048 052046 048049 046049 055053 049051 053048 055049 046054 051054 046047 055054 055055 047052 054046 046051 049052 052055 049047 053054 046048 048055 051052 046054 047051 050054 048053 048048 055050 054046 053053 053048 053046 053055 052046 051051 054051 054048 055054 046055 048047 049053 055055
i96, 052048 050050 051051 053047 053051 055051 050048 049047 047054 052047 052047 051054 046051 051047 048047 048047 046053 047047 053049 055053 048050 047049 054053 049049 049054 047048 048051 049053 047047 052047 053046 053051 049052 052052 053053 049049 047050 055053 055055 047049 054054 052049 049052 055053 054049 048053 050051 054046 049051 046047 046053 050054 053049 052050 046047 050049 050052 051049 050050 048054 049050 054055 053053 048048 049054 050053 055048 048050 055054 055054 048047 046054 047054 055046 055055 055052 049049 051051 051055 048052 046055 053055 050051 051052 052050 054054 055046 054051 046052 049047 046053 055055 046049 051055 051049 048046 051052 051054 047047 055053
i46, 055050 054052 049050 053049 048054 054050 050051 051046 054051 047049 047046 052047 046051 050048 047052 049049 046055 053049 047049 054052 046050 049047 048052 055048 051048 046046 046048 049047 052047 053054 053053 053050 054052 047049 055051 049051 054046 048053 046055 049051 047054 049046 050055 054054 055053 046048 054047 055046 051050 055051 051051 050048 050047 052052 051051 055047 052052 051055 049049 048048 049052 055055 052048 048048 052049 054051 050055 050055 054050 055054 049053 054050 051050 052055 053052 049051 050054 051052 050051 055055 055046 047055 051050 055047 052055 050053 053054 053051 048053 047050 052048 055052 049051 049055 053053 047052 046046 047046 051051 049055
i306, 048054 050048 049052 048050 048055 054050 050053 050050 049049 047050 053048 054050 046055 051055 049052 048047 046046 047053 053049 051052 046051 046049 048054 052049 049051 054046 046048 052053 049054 047053 055055 051050 049052 049047 054055 054050 048046 048048 055050 049047 054049 049049 052050 054055 052055 048046 048047 055046 053055 048051 046050 047048 049050 055055 051046 049054 052052 052049 050047 055051 053049 052055 053053 048048 049049 053050 047046 048047 049055 047055 052052 050050 046047 046046 052053 049047 048054 048051 051049 053051 048046 048049 055050 053046 049046 053052 046046 053053 053053 048047 053051 055055 046047 050048 053049 054048 051050 054055 048051 053050
