point 1
gen 0
lala land
l80
l91
l11
l99
l69
l70
l38
l24
l65
l33
l0
l81
l14
l92
l74
l96
l10
l53
l58
l13
l30
l43
l22
l46
l97
l95
l48
l47
l51
l35
l37
l6
l16
l25
l49
l93
l73
l55
l17
l59
l3
l26
l29
l86
l42
l23
l77
l87
l88
l89
l45
l75
l57
l94
l9
l7
l83
l32
l50
l20
l19
l52
l4
l54
l85
l56
l90
l98
l36
l34
l67
l63
l71
l40
l41
l8
l31
l76
l44
l78
l61
l66
l21
l68
l82
l1
l12
l27
l15
l64
l62
l72
l60
l2
l79
l84
l28
l39
l18
l5
Pop
i64, 046046 050053 046047 049053 055046 050048 053052 046046 051052 048048 049051 046055 048050 050053 047052 054054 047053 051051 051048 047053 047048 047050 046054 048055 053052 051053 055052 049047 055052 053047 052049 050049 046046 050047 050053 051046 054054 050053 052053 049053 048048 052048 049051 051049 053049 047052 054047 051048 052048 048050 049046 046046 052052 054054 054053 046046 055051 050046 051052 046047 055055 053049 055049 048047 051048 050049 052052 055051 050046 051051 051049 049050 050049 052049 049055 053052 055053 055052 047047 046049 050050 052052 049052 046055 048050 050053 049054 053050 052052 046054 050046 050051 047054 052048 054052 046052 047052 047054 051047 052047
i463, 055049 053049 048054 048050 046054 053054 048052 049046 051049 048055 052052 046051 049050 050047 054048 052053 048049 047055 053051 047046 048047 046050 046047 050051 050052 049051 052048 046047 054055 049049 054046 052050 053048 053050 047055 052046 048054 053054 052052 053052 049046 046048 053055 049054 046053 052051 046050 047046 050046 055054 047046 052052 046052 047054 050053 054046 050055 046050 047051 050048 055052 049049 049046 051048 050051 049049 046051 055049 050049 051054 051049 048051 052051 054054 055048 049051 054054 052047 050047 055054 050046 050046 048052 051048 050054 053046 053047 047051 055051 051051 050053 053051 054052 049049 055052 050054 052055 047051 051052 052048
i807, 049055 049053 047052 052050 052052 048048 050047 054047 051049 048055 049051 055055 049050 050050 047047 054048 046050 048052 051050 053048 050052 047050 051052 055049 049055 046054 053049 049052 049054 049046 055053 049048 051051 050053 051051 047050 054054 051050 052052 049052 055053 046048 055051 049049 046046 047052 047050 048047 051046 055047 048048 052052 047048 054055 054054 055051 051050 049050 052047 053048 051046 051051 050049 049047 048054 055048 055051 048055 050046 052047 049049 055047 052054 052046 053049 049046 049047 052055 048047 053054 049051 049053 050048 051046 055051 046055 053046 046055 054052 046047 055053 051047 054053 048052 050048 051052 046055 051046 053051 047049
i98, 046047 046053 053055 050053 046052 055047 052052 049046 054051 055046 049053 046046 052050 050047 051048 048055 048046 046053 051051 047047 048046 053050 048046 051051 054050 046053 055055 053055 052054 049051 048046 051047 051049 046046 052046 055051 048052 048054 054052 050050 050051 046048 054053 049046 049053 050050 046054 050055 051053 047048 053049 046052 052048 052054 054053 052046 051050 052055 052052 052051 048052 053048 052050 046049 046055 048049 047053 054048 050047 047048 055050 049049 048052 049047 054049 050054 054047 052055 053050 046053 048050 046053 049050 055046 055046 055048 047053 046049 049052 051047 046053 047054 054053 051054 053052 050053 048047 054053 051051 050051
i806, 055046 051052 054054 053051 051055 050055 051052 046050 049050 048048 049052 054055 050047 053049 052048 052049 047046 047051 048047 047048 050049 055049 052054 047046 047054 053051 052047 050048 050054 052053 049053 054052 046053 055055 051046 055051 047055 053053 052046 052055 053055 046048 051055 049052 048050 053051 054046 052046 053051 049048 046049 053053 052046 054054 053046 053054 050052 049052 051052 049048 053051 051049 054050 048054 053055 048050 048051 049055 054050 051051 050049 055055 052052 051053 051053 051053 055047 052052 054047 055046 051046 053052 050048 046046 048055 048046 050053 047047 055055 046051 051055 046051 048048 049049 050055 052051 047047 049048 051051 048049
i33, 046046 053053 053050 053050 051055 047048 049049 046046 050050 048053 051052 049055 050050 048052 051047 054049 050048 047053 051053 053053 048046 052049 047054 051055 055050 051051 053055 047051 054047 047052 052049 051048 046046 053055 050047 046051 049051 049050 051052 050054 055048 048052 046055 049049 052053 052047 054050 055046 053046 054054 046052 053055 047046 054054 053048 052054 052050 055050 047055 055050 053046 047047 055049 053051 055055 055046 053046 055049 054050 051048 049049 049055 051052 054049 055048 049051 047054 052054 049049 054049 050048 053053 050049 052049 049049 053046 047050 047047 050055 046052 053055 052052 053048 054046 050048 051053 052052 051049 050052 055049
i677, 055047 052052 052054 050046 051052 048048 049052 046049 049049 053046 052049 055052 049054 052046 048049 054054 048049 053048 051047 047046 050046 052053 054052 052055 049049 047053 047055 050047 051047 048053 051050 051048 046049 052052 051050 046052 046048 048050 052053 047049 055046 052046 051046 046046 046052 053051 050048 055046 046046 047048 054051 052052 047055 052052 048054 055049 051047 055055 052047 052055 046046 047049 049049 051046 048051 049052 051051 055055 049055 047047 049047 053050 051052 053054 049049 054051 054055 047051 047050 050048 049051 053053 054051 050051 054048 050049 049048 046054 050047 049048 049053 047053 046052 047048 053047 050046 048052 053048 055047 051050
i320, 055046 053049 048054 049049 046048 050050 050046 046055 049048 048048 049052 053055 050048 050049 048052 055053 055049 047047 048047 047048 054046 050049 046052 051052 054046 055051 055051 050054 052047 050047 047047 050052 053053 050050 049050 046051 052052 054053 053052 050049 051053 052055 049051 053048 055052 052051 050050 051047 046055 048054 046048 047049 052052 052051 048053 055055 050050 047055 052052 052046 047048 049053 055055 051051 054051 050054 048051 049048 048055 051051 053049 047049 052050 048053 049048 049050 053054 048047 050047 046049 046048 046046 046051 050049 048050 049046 046048 049055 051046 051051 052055 052046 047047 049047 054050 050046 049055 047048 051054 055053
i626, 051049 049053 048053 054049 048048 047053 050049 049055 051050 055055 049052 048054 055050 050055 048047 048054 055053 055046 048047 055047 047050 050049 047052 055055 046055 055051 055050 050051 053055 049053 052049 047048 051049 052047 052055 050051 055054 050050 047052 053049 047053 054046 046052 052051 052046 053052 047050 047046 046049 048047 049049 053052 052046 055052 054054 053046 052055 055050 047047 046047 048048 047047 050052 046048 052052 052048 053055 048050 048046 052047 048049 047050 053048 049047 048051 051050 054053 052055 047053 052053 048048 050055 050053 051046 049046 047051 049053 047051 055052 046051 050055 051047 048049 052049 054054 053050 053047 046053 053055 050053
i289, 050050 050055 050047 049049 048051 048053 053052 046050 050050 053055 052052 055052 055051 050052 049048 053053 048049 047053 048051 053047 047049 050052 050051 051051 054046 051050 047048 050049 052054 052053 049052 051049 054053 046050 046046 051046 051051 050053 052052 052052 055053 048054 046054 049054 046046 053047 046050 046046 049055 049047 047052 046049 052052 047048 048054 052054 050055 050049 049052 053050 046048 047053 051049 048053 055055 052055 047055 050055 054050 046047 047050 050049 050052 053053 055050 051054 052052 055049 050047 046046 046051 054053 046049 052050 055048 053054 050047 054051 055055 050047 050046 047047 047053 054049 048054 046052 055055 049053 051051 054047
i39, 046049 046046 054053 050053 051046 055052 052049 048050 051051 048050 052049 055053 049055 053047 047048 054048 046048 047051 051053 050047 048054 053046 049055 049052 050047 051047 047054 050050 052051 047050 050055 049046 049049 054051 051050 046047 047054 046050 047052 053050 054052 049050 046051 049047 052052 047047 050047 046052 049046 047048 049053 046055 052052 052055 053048 046055 055050 047055 048047 046053 053046 049053 052046 047047 048055 049054 046053 049052 046047 051046 051049 047047 050052 054047 055048 051047 047047 055052 050050 052049 049054 046052 054053 051050 048047 046050 047047 051046 048051 055048 051055 051046 055055 052055 047051 052052 047050 049054 051055 053047
i224, 053047 050050 047052 046053 051048 046047 051051 054048 051048 055048 048052 052050 054047 047053 054048 048054 048054 053047 050048 053046 050048 049048 047052 046051 053054 053055 055052 050050 055055 051048 052049 052047 049049 051050 050046 051051 050050 053048 050052 049049 055053 052052 046046 046046 053052 052054 047048 051046 049046 048047 050053 046052 052052 052054 048049 049052 050055 050052 052054 052047 048046 050049 055050 048054 055048 055049 046047 051055 049049 051050 047049 049047 054052 049051 050049 055052 053054 052052 047047 049054 054050 053053 048051 052051 055055 046053 053047 049046 055051 046051 049055 046051 052051 049052 052050 052053 049047 053053 050055 047047
i750, 055055 053053 055047 050049 049048 055047 050049 050049 049048 055051 046049 052046 055046 050053 051047 053047 050048 046046 046047 047055 048047 049055 047051 054051 046047 051053 052052 055049 049055 050052 046049 054048 053051 053054 055052 053050 052052 050053 053053 053052 055052 052046 046055 049052 049050 047050 051054 048050 046046 055049 049052 055046 052048 048046 048051 054052 050055 049047 052052 052053 055050 047053 049047 054047 050054 047051 051046 048047 050055 048047 054049 048051 054048 052049 055048 047046 054054 050047 050055 054053 051050 052047 046046 046053 055048 049046 046050 049049 055052 046054 050052 046051 055048 046055 051047 052051 048053 053054 053051 047053
i454, 055048 050048 054048 053049 052048 047053 052051 046046 049047 047052 051049 055049 051055 055052 047055 053053 048049 047047 051053 053053 052048 050049 052051 052051 050055 055046 052052 050047 051052 052046 051055 051052 053046 047051 052046 051047 052054 051050 052052 049049 051048 054048 046046 051050 053047 052047 054050 046046 048046 049055 048049 053046 052048 050046 053048 052049 051055 055055 055047 048053 053051 049052 055050 053051 048050 052048 051052 049050 050046 047051 049049 055050 051051 052054 050049 051054 054054 054052 049054 053049 051050 054050 050051 046046 047052 047048 051046 046047 052051 054048 051053 047046 051048 048048 048053 050052 049048 054050 047047 049052
i141, 046055 050053 050053 050049 055049 055053 052049 046046 050055 055055 052048 055046 049049 048050 051051 053048 055048 047052 048051 047047 047055 047050 052049 051047 054047 049047 055052 047050 054054 049047 049049 052047 046049 054048 055052 055055 054048 047053 052051 050055 052050 048048 051055 050053 050054 053052 055050 052050 055046 049047 046049 050052 046046 054047 049048 049055 050055 055046 052051 048055 055053 049049 049051 055048 050048 052052 053051 052055 054049 052047 054049 047051 052052 047049 049050 047054 054054 052047 054054 053049 055050 048053 046053 050046 054050 047046 046047 047047 052048 048047 052051 052051 051054 052053 054046 049046 049053 051047 051051 053053
i590, 048055 049049 048047 054053 050050 055054 052051 046046 049049 055055 051053 055055 050049 053050 052053 047055 048048 046053 053048 047053 052047 049049 055052 051048 049054 050051 047053 047050 051054 052050 046054 051050 051049 047050 051050 051051 051048 048053 053050 049052 055051 046052 050051 053051 049048 047054 046053 048046 055049 048048 048046 055052 052052 048052 054048 055049 054051 046050 047047 053050 051047 049049 046049 048053 050054 052048 051048 046055 050049 047051 049049 049049 049050 047053 048048 047051 054054 047050 054050 048049 051054 055053 051050 051052 049049 050054 049047 047051 051055 048047 046050 051047 047055 048053 051052 049046 047046 050049 051051 047047
i274, 055055 050049 047047 053049 051051 052048 052052 046046 051049 055048 049048 053055 055049 047046 048051 054054 048050 048055 047053 047053 050047 049046 046047 050055 049052 051047 049055 050053 051054 051048 055046 047050 049051 052051 047046 050049 051049 050048 052052 050052 055052 048048 051052 052051 052052 051052 047047 050051 046051 049047 049048 052055 047047 048054 054049 052055 050052 053050 054052 048055 053048 049049 055052 046049 050055 049052 053055 049051 050050 047051 046054 047047 052052 054049 049048 050051 053054 048052 047049 049046 054054 055046 046053 051055 053048 046055 047049 052049 052046 054048 052053 051047 048048 046048 047050 050054 050055 054054 050051 051047
i368, 055047 053051 050052 050054 054054 047046 052052 049055 051046 055055 053049 049055 049052 050055 051048 054053 050050 047051 050051 053054 048047 049049 046055 051046 053046 047054 051046 047047 051051 053049 049048 050050 054046 047047 050055 052053 054054 050054 052052 052052 048053 047048 055054 049048 052046 055052 053050 051046 055053 047054 054050 052053 046047 051054 054053 049055 050050 052046 047047 047050 051046 053049 055049 048047 048048 048052 052052 052048 055054 051048 049050 049046 052052 049053 049049 053048 049053 047048 049049 048055 050046 046052 051051 054052 050051 046046 050047 047049 053051 051047 053055 047047 048054 051054 052054 052052 050048 054054 047052 053051
i698, 050049 049046 047052 054049 048050 053049 047051 046046 047049 048055 052052 049055 050049 050047 053051 054054 046048 047051 051051 047055 052046 049049 046052 051048 049047 051051 055052 053047 052054 050047 050049 055047 049053 051051 050049 055051 054054 052053 048055 054047 050046 052046 047051 049054 052049 047053 053046 046048 055049 049049 046046 046052 052055 052052 048055 049055 055047 047046 055049 048048 055048 049049 052055 046054 048048 049055 047053 054050 053049 047054 051049 055051 052052 047052 048049 054047 049054 047052 047047 053046 047054 048046 049052 046051 048048 049053 046047 047051 050052 047052 050053 052046 048048 049049 047047 049050 055052 054054 047047 047047
i372, 055055 053051 046047 050053 050050 055053 050050 046048 048051 054055 052052 055050 048050 050047 052054 054053 055046 051047 053048 048048 047055 050050 049047 055055 054055 055047 055055 050048 055054 052047 049049 047048 049053 050054 052049 051050 051051 048048 053052 052051 047055 047054 046051 049054 053046 047047 050046 052048 051055 047051 046050 046052 052052 054048 050054 052046 051050 047049 054052 055046 055053 049051 050046 046046 046053 049050 048055 049048 048051 047051 051051 055050 049049 050049 055048 046050 047054 047046 047055 049049 046047 053050 048053 051049 048055 053053 047049 049047 047055 051048 053055 047052 049053 055047 052054 050050 055055 047054 051051 049050
i453, 053049 049050 047054 049046 052052 047048 047050 049047 051051 051055 049052 049055 051048 046049 048052 054048 046049 046053 055050 047047 052047 053046 055052 046050 047046 048048 048055 050050 051054 047047 050046 048051 048049 051054 047049 055046 054050 049046 050054 047052 048046 048048 054049 049054 053046 047050 054047 046052 046046 054048 052052 047053 052046 048047 046054 049053 052054 050050 052047 053048 052055 051054 054054 048054 055048 047054 053052 055051 049055 049047 046054 051048 051054 055053 052050 053052 053054 052047 050047 048048 054054 053053 051051 050053 048049 053054 047049 046046 049046 047054 051051 047052 053051 048049 050054 051052 049052 051052 051051 052047
i528, 047053 050046 048055 047049 051050 051048 050052 046046 051048 048055 049048 054050 054050 052050 052051 052055 053049 053049 048048 053046 046047 046046 055046 052052 047047 054055 052047 050048 050054 047054 049049 052050 049049 047053 047055 046046 052051 050048 046053 049049 052051 047054 046049 051051 046046 050047 050054 051047 049046 049048 054053 052055 051047 052055 054053 049046 055050 049046 047052 046048 053055 051051 055049 048046 054054 048051 052047 047052 046049 051051 055049 047055 054052 052052 051055 048049 050047 052047 049054 046055 051050 049050 051050 054049 055052 049053 046047 053053 055050 052054 053047 051047 049054 048052 053050 050051 046048 047049 047047 054051
i149, 049046 050050 048055 048049 048048 054051 052052 046054 050051 048048 052048 053046 050050 047052 049048 048053 048049 047046 046053 055053 052050 054050 051051 050053 050054 051053 047052 050049 050054 051047 047046 054054 049049 050055 050047 052047 051048 053048 052048 052050 048048 048046 052055 049049 052049 052047 046054 047046 046046 047054 054054 046054 048052 047047 053046 055055 055047 049046 051052 054046 048047 049049 049055 051048 048055 046051 053052 055054 047050 054054 053049 047050 052052 052047 049049 055047 055052 052052 049047 049052 055053 053049 046049 046048 047051 055046 053047 054047 052048 052048 055052 046051 048054 053053 054051 052052 047054 050049 047052 051049
i753, 047053 050052 050054 049050 048048 055047 052052 046055 050048 048055 052049 050049 049047 049047 048048 054048 048048 046048 047048 047050 051052 049049 049051 054052 046050 055050 047046 054053 055051 052053 046049 047052 046046 054050 046052 055055 052054 054054 052046 052047 048049 054052 051051 052051 049052 049054 046053 050051 051046 054050 048048 052055 047047 052054 054048 052053 055055 046049 051052 047048 048053 049051 054055 048048 055048 055054 050053 049048 054054 051051 049051 048051 051052 054050 048049 047047 047049 052052 054052 048046 054047 052046 051046 052052 049051 055050 046047 047046 051055 054054 049053 051047 055047 049052 055052 047050 050046 047047 055055 047052
i135, 049055 053055 047054 050049 054050 047053 051047 046048 051052 055048 053048 050055 052048 050050 048055 054048 048048 047047 051053 050053 047048 050046 049054 055051 049054 046047 052052 050050 048051 048046 049048 046053 048046 055051 050050 052052 051050 052046 052053 052049 055053 048048 051050 051052 046053 050047 053047 051048 047046 053048 050046 053046 052046 052047 046050 053054 055055 046052 055054 048046 051054 049049 050052 051051 046053 049049 051047 051055 047051 052052 051049 055049 049051 050047 055051 050047 055051 052047 054050 053053 049049 046053 046046 046046 047051 049046 047047 053047 054052 054051 050053 051051 051049 046052 054048 054053 048054 047051 049051 051047
i358, 054047 046049 054053 054050 050050 047048 051053 050046 049049 048055 052049 046047 052049 055050 047052 054048 047049 047047 050051 053055 054047 046054 049049 046055 047055 050053 052048 050050 051047 053052 050049 049050 046049 050047 052046 052053 051050 048054 052052 053053 053052 046052 052053 049053 052052 050053 050053 048051 046049 047049 053049 046053 055046 047054 046048 055046 055050 050050 055049 047048 048048 047047 049049 051048 046046 052054 053052 046055 050055 051052 054047 048055 052052 049050 050049 050052 053052 052052 053049 048053 046049 050055 048048 051051 054048 046049 051049 053048 052047 047054 053050 047047 051051 049049 052048 050051 055055 048051 051051 047047
i399, 049047 048049 054054 049049 052050 048048 050047 046055 048049 048048 053049 055055 050055 049047 048051 050047 047048 047051 051053 047051 047054 050047 046047 054047 049049 051047 048054 051049 055054 048047 046049 054051 053049 054050 052053 053047 054054 049047 052052 050052 048051 048048 052046 049049 049053 050050 052052 051052 049055 048048 046049 052052 047046 054047 054046 055054 051050 055050 047052 048054 052046 049050 049050 048048 048055 046054 051051 050055 050055 051052 049051 048046 051052 050050 050048 055051 053048 048053 047047 046046 051048 049052 046051 054050 055048 047046 047050 052047 052049 048051 055055 052051 050053 049055 050046 052051 052055 054053 047053 049051
i681, 053049 050053 047047 050047 051055 048050 052052 046050 049049 055055 048051 055046 050050 052053 048052 048047 048048 053046 055051 053055 047047 049049 052047 048052 049049 051047 048048 050050 051052 052046 048049 050051 049048 051050 052052 055055 051046 049048 052047 054049 048048 046054 051046 049051 049053 052053 046052 051046 050050 047047 050048 049049 047047 054054 054054 055055 051055 055047 055052 053055 055046 049049 050049 048047 048054 052055 053052 055051 050050 051049 054049 054049 055051 048053 050048 053051 053053 047049 049047 055048 049051 053055 054048 052048 048052 049046 047047 047047 050050 046048 046055 051051 047051 052053 049052 052051 052048 053051 052051 049047
i532, 046047 050052 055048 051049 050048 051047 052049 046050 052050 055048 053053 049050 049050 048052 048048 049047 048048 052051 046047 046048 054048 050047 052052 047049 052049 051046 055046 048050 050049 052049 047054 050054 053049 053052 046053 049053 052052 053050 052053 049052 053055 052052 050047 052050 053046 052051 054054 051048 053046 048048 046053 046053 055046 054054 051054 046046 055055 053049 051047 047048 052051 053050 049049 048054 050050 047050 051051 050054 055055 053052 055049 050049 050051 048054 048048 051048 052054 052046 053053 052052 046050 053049 046049 049049 055047 053046 053046 047046 055050 052046 053050 046051 053050 049052 047052 050050 050048 054050 052051 053050
i693, 049055 053051 048053 049049 052046 047047 046052 046051 046050 047048 051053 049055 049050 050050 055048 053054 049055 053047 053055 047053 052048 049050 052050 055051 047053 055050 047048 050050 055052 051049 047049 050052 053051 051055 050052 055051 049054 052052 052052 049050 052054 054048 051051 051052 053046 053051 046050 051050 046049 047048 050046 053052 047052 054055 054046 055046 055050 048055 048047 048052 052047 049049 050049 051054 050054 052050 051053 048055 049055 051047 051055 049053 049051 053052 049049 046051 052047 055055 053048 046054 046051 055046 052046 051051 048049 050046 048050 055055 050054 048051 050053 051052 047048 049053 047054 050051 048055 050049 052051 047049
i632, 049047 053050 054054 054053 048052 053047 050053 046049 047047 051046 049050 055051 055052 047048 054052 047053 049048 046046 050051 053050 046055 052050 051051 051054 049054 055047 051049 054048 048055 052051 055049 046050 049053 051051 049049 050052 048054 048048 052052 050047 053047 049048 054046 052052 046049 047053 054053 046049 055051 047047 046052 046050 048046 048052 048053 053053 050055 050047 051052 048053 048053 051051 046050 048053 053048 049054 051055 055046 055050 054052 049049 048047 051051 054047 048048 051049 054055 052047 052053 048048 051051 051054 051051 054049 049051 046046 047047 049046 047049 051047 051048 047047 053048 048048 048050 050052 048048 049050 053051 047049
i655, 046047 049048 047048 049049 050050 048047 052052 046048 049055 055048 049048 052054 046048 049050 048047 053054 048049 047055 046051 048050 048048 050053 051047 051046 054053 055046 047052 050053 051055 053053 046049 047053 053049 052050 050052 046051 052054 048047 049050 049051 048048 048048 051051 049049 046046 047047 054050 051046 046046 047051 053053 052052 047055 054054 046054 055046 051050 049046 047047 052052 046055 053049 046053 051046 050048 049055 050047 054049 054055 054051 049053 049047 052052 054054 055049 052049 054054 047047 047052 049053 051051 046053 053046 051052 055055 049049 047049 046055 052048 054051 051052 047052 053049 055055 054047 050050 052047 051047 051051 049047
i577, 053046 050050 046046 048050 048052 047055 052050 050046 050053 048055 052053 049053 048050 054050 048052 048053 050048 054047 055047 047048 050048 046046 052049 046051 050050 051051 054046 050053 050055 049051 046054 048048 047053 047047 050052 046046 048046 053047 047052 050054 048055 046048 050051 053049 046050 052051 054054 048047 046051 051051 054054 053050 048051 052055 053053 055049 055047 055055 047055 053048 048055 049046 050046 047048 055046 055050 053047 049049 051054 049055 049047 047050 048051 049052 051048 054047 053054 052052 049055 049046 047046 047053 052048 046053 047047 046048 047050 055047 052047 054054 052050 053047 050047 053055 054054 048049 052047 049050 051055 052052
i366, 052049 053052 046048 051053 048048 050049 052050 050046 051052 055052 052052 055049 047050 047055 054047 055054 046049 046048 048053 053050 048048 055049 055052 051055 049054 046050 048048 050055 047051 048050 053052 052047 048053 050054 055055 055052 054049 050050 049052 050054 047051 048052 046047 049052 052052 053050 054053 046050 048052 054050 048049 046053 047048 052055 047053 046046 052055 050052 047046 046048 050048 047051 055055 048051 050047 048047 053048 055051 050055 048049 054048 055055 051054 051047 050048 049050 055053 052049 047053 053048 050050 053054 047053 046050 047051 050053 053052 053047 055050 051048 050055 046051 048046 046049 054053 050050 048052 050049 047055 047053
i23, 047047 046048 046048 050050 046050 050048 053050 046046 049051 048055 049052 049046 049052 047055 052051 054055 054048 047050 055047 047053 048047 050050 048052 046052 047055 047053 055047 048052 050047 049051 054049 049054 049049 050053 050048 054052 048051 047050 046050 048050 048047 049052 052051 049052 049053 055052 050047 046052 046046 047047 046049 052053 052052 054046 054048 046055 050047 050049 051047 052048 055051 049050 046054 055048 054048 054047 055047 049054 054049 051051 055049 050049 051049 054053 048049 050051 054054 050052 049047 049053 046051 052046 048048 046048 052050 046046 050049 049047 054051 052054 051050 052052 051055 049055 050054 050046 049048 050049 051052 047054
i185, 046050 053046 053047 049051 055048 050047 052052 046052 050055 047048 052049 047046 050050 052055 048052 048054 048049 046048 048049 048047 050047 049049 046052 051055 054049 051047 055047 051053 048052 049047 046049 047049 049046 047050 047048 046055 054047 049048 051052 052052 051046 048053 051048 048049 053052 047047 050050 052046 046046 047048 049054 052047 052050 052055 046046 049055 051047 046050 052052 052055 050053 047047 054050 051048 048048 052050 051047 050049 050054 051051 051047 049051 046051 049050 049050 051053 047053 047047 047049 055049 046047 052053 049046 052046 050049 049046 047050 054051 048047 046047 053055 047052 046050 055055 055054 052047 047048 046051 051047 048049
i165, 049049 053050 053048 049052 046048 055047 053052 046054 047047 053051 052052 047053 052052 053050 048050 053048 048048 053047 048053 053055 046050 050050 047047 051046 049049 046047 055055 050049 047051 054049 049046 050048 049054 054050 051052 051052 052052 054047 052052 053053 053053 048047 048048 049053 046049 053046 046054 046046 049053 048047 048049 049052 046047 054052 054048 046046 055055 053050 049050 048055 053053 049049 046055 054048 048050 052049 053046 049052 054047 051049 054051 049048 052052 054054 055049 051046 054052 052052 054054 048046 047048 054055 046051 048051 048047 048053 050053 049046 054051 051048 048046 047052 054053 053052 052051 050052 050047 054047 052049 047049
i704, 049046 050053 048046 053047 050048 055047 052050 050050 050053 046047 051049 046046 050055 050049 052047 054053 055049 048048 053048 053050 046050 050050 047052 051049 052050 049046 049047 050050 047055 048046 052052 050054 049051 055050 046050 046046 050055 047053 052049 052053 055052 052048 046054 048049 046051 052047 050054 051050 046046 048048 046046 053053 047052 055055 053054 046049 055050 049050 047052 047053 053053 049049 046055 048048 050055 055049 051055 054048 051047 054051 047049 051047 048055 054054 050048 047049 047048 055049 047052 049049 051051 053055 053050 052050 050049 051046 047047 051051 050055 052055 048050 051053 055052 054052 054054 046052 048055 054048 051047 051047
i579, 055050 048053 047047 053046 051048 048055 046052 046046 049051 053053 049052 055053 050047 050052 049048 053054 048049 052047 053051 053048 046054 052046 049053 055053 049050 046051 053055 047049 052055 053052 052050 047046 051048 051051 048047 052046 054054 054046 050052 049049 049047 048054 046051 052052 046053 053049 054050 051055 046055 049049 050052 046046 046052 054048 046054 046047 050050 055052 052047 052052 051046 051051 046055 054054 050055 047050 053053 050049 051051 052053 050049 049046 051052 054054 049050 050051 055047 053052 054054 055048 054054 053046 051051 046051 054051 046050 055053 046054 051054 051048 053052 051047 047055 049049 052048 050052 048053 051047 051051 047053
i177, 049047 050053 055048 049049 055051 049048 052051 046048 049050 048053 049052 049049 047055 050055 051048 054048 046049 049055 048050 054047 055046 053049 054053 048049 050049 051051 048047 054047 051052 047051 046049 049050 054048 052050 050052 055055 047054 053047 052052 047055 046052 049049 051051 052046 053046 052054 054054 050051 048049 050047 050050 053052 052052 054055 048048 052046 055055 053050 052054 055053 050048 047049 049055 048051 050054 047051 053047 048049 049049 051051 047049 050051 054052 047055 050048 048049 052053 047052 047049 055049 047047 052055 051046 051049 048052 054046 046055 046051 055055 048048 055053 052052 048051 052052 047052 051052 055054 051047 055051 047048
i294, 047048 049046 055047 050050 048048 047047 048053 054046 052054 052055 048052 055054 048049 054046 051051 048054 047048 053047 050048 047050 055047 047055 046052 054053 047049 051052 048047 050047 049055 053046 047047 050054 054046 051050 050052 051050 047050 054050 046050 050050 055055 052046 048055 051049 050052 050052 047047 051055 055051 051048 052048 046052 051047 046052 054051 051054 052050 050055 052047 053052 055048 052051 055054 051051 054048 050049 048050 049046 046055 051046 047054 050046 052052 054049 055049 055050 054054 052047 047054 048050 047048 054052 052053 048054 055050 053050 047047 055049 055055 048047 052051 051047 050053 053049 054052 050051 048050 054055 049051 054051
i464, 047051 050050 047050 055046 055050 047048 051052 046046 050051 047048 053052 053046 052049 047050 047053 050052 048049 055046 053048 053053 046046 049049 049052 054055 047046 052055 055052 047050 051047 050049 049049 053049 049049 051051 049046 050046 052046 052053 046053 053050 050047 046048 047046 049049 049048 047047 048047 051048 046049 048048 048048 047049 047055 047054 046046 049052 055050 055046 052051 052055 050047 051046 054052 051046 048048 055051 052053 049049 054049 050051 049049 051047 050050 053049 048048 055046 053054 049052 052053 052053 049049 053053 049046 050046 050047 051053 047050 046051 053055 047047 055055 047047 048048 052049 047047 051050 055052 050053 050047 048047
i81, 049055 050046 055054 049049 054046 053053 049052 046046 051050 048055 052052 055052 053050 050052 048048 054054 055055 050053 053051 053047 050049 055050 051052 055046 049051 055047 055051 047047 052051 049053 049054 049047 053049 050051 050052 050046 054047 052054 052052 051053 047048 048052 047053 051051 046046 047052 054050 051050 046051 051050 054046 046054 052048 050051 054048 055046 050050 046050 052052 053048 051053 049049 049052 054051 053048 049046 055053 049048 047051 051051 049047 047049 053053 049052 048051 047054 054051 047052 050047 049046 047047 053049 048049 048046 047055 053049 050048 049049 050046 048048 055055 047051 048048 054055 047050 046052 053050 052047 055051 047047
i290, 047046 049052 050052 055053 046048 053054 052052 048046 050051 048055 052053 053055 052049 050052 048051 054052 054049 046046 048051 047048 048050 049050 052053 046046 046049 051055 052055 052047 047054 046047 052047 048052 053049 055046 052050 046051 052052 050047 055050 051049 054053 048048 055046 049052 049046 047052 055050 051048 053050 054048 052048 053052 052047 046046 049046 049051 055050 049046 049052 053048 052052 049053 050050 051048 055050 055046 055051 055048 049046 051048 047049 046055 051048 049051 055052 052049 053054 052052 049050 046054 051050 049055 049053 050051 055047 047053 047050 053047 047050 046047 053053 047046 052048 049047 050052 052050 053052 048049 051051 047050
i770, 055046 055049 054054 046054 050048 047046 049051 046046 049046 046055 047052 049055 052048 048053 048046 050054 048046 047046 053048 047048 050047 050055 051048 051051 055049 053047 047048 046053 052048 051051 052046 051048 048054 054050 050054 046053 048051 050048 052049 052052 053053 048048 055054 050052 049053 050047 054054 046046 053055 048048 046048 053052 048047 055052 054050 052054 050055 052049 047052 053055 052051 054050 050050 048048 055054 052048 047050 046049 054050 046047 051054 049049 046052 047054 049055 052049 054054 052052 053054 047053 046049 046053 046054 046052 048046 051053 051052 047051 052055 055048 049054 047046 048047 046053 052053 052052 049052 055050 051051 051051
i531, 049053 052050 054048 051049 046051 054048 055050 046051 049050 048055 052051 053051 050052 048047 048047 054047 055054 053053 051048 055053 052047 052047 052052 047051 046049 047051 055046 052050 049047 051050 047052 050047 054053 047050 046046 050046 048050 050048 055052 053049 047046 048048 051055 049050 052050 053055 050046 046052 053053 048051 050050 052053 046048 055052 054048 046054 055050 046055 052050 052048 048052 048049 054050 048053 054049 047049 052047 055050 055046 046051 051047 055046 052046 054052 055049 051053 053054 048055 054053 054048 046048 055049 053051 046046 050048 049046 047052 047051 051053 048052 053055 047052 049050 053052 050048 046051 053055 047051 047051 053049
i200, 046047 051052 047055 050050 050052 055047 047052 048050 052051 053055 046046 053055 055046 047046 048049 048054 048050 047047 053055 048053 046046 054050 055052 047048 053054 047051 047054 047050 047055 051052 050049 049054 049049 050050 052055 055055 049047 050048 052046 053054 055053 055052 047051 049050 046055 052052 050048 051046 049051 054049 049050 052046 052052 052054 053053 052052 050050 054046 047054 052052 052048 049049 046049 051051 048055 050048 050052 050048 055046 051052 054049 055055 052052 055047 049051 050050 047047 055055 054048 054048 051046 048053 047046 050046 048049 046053 047055 054046 055053 048054 055055 047052 051048 049047 048047 050050 055052 054050 052047 048047
i157, 049053 050048 048054 046050 050051 048053 053053 046054 052051 055055 052052 049046 046054 055055 048052 053054 050047 047046 048053 047047 055052 050054 052055 046046 053049 054051 047055 047050 053054 052046 046055 050053 054049 050053 050052 050055 047054 052047 052055 048050 048048 050048 051051 046049 046055 046047 054052 047048 053046 054048 050046 046046 052054 047052 053054 046053 054050 055046 052052 048052 055050 055055 046050 052051 050055 049050 053048 048046 049046 051048 047054 048047 051046 054049 049049 051051 051055 053052 054047 049049 050051 052049 046051 051048 049049 049053 052047 049049 052052 051055 051050 051051 053051 047053 052054 046049 049055 047054 051051 051050
i400, 046049 055053 048055 051050 046046 048047 048052 055046 051051 055046 052052 049055 052055 052050 048047 052053 048050 055047 051050 055053 048046 050050 052046 055049 049046 052051 052051 053048 054055 054048 054046 050047 053053 049051 055049 047050 047049 053048 052053 051050 050048 048047 053048 049051 049054 050051 054050 046046 051053 047048 049048 053053 047046 048052 051053 053052 050050 055053 052047 055052 055046 047050 049050 046051 046050 054048 047055 049055 050046 046049 055054 047055 052048 054053 048049 051053 054054 052052 050047 053048 047049 055054 051049 052052 049049 046049 051047 047047 055055 054054 046055 047051 047048 051052 047047 050049 047048 046052 052055 052047
i253, 048049 049053 048054 047051 050051 048055 052046 046046 050050 047055 051050 055055 052046 052048 048054 053049 050048 047051 051051 047047 049052 050049 055052 050054 046054 046051 054047 053047 051051 048051 047050 051047 051048 047055 055046 050047 054052 048051 046052 053050 048050 048046 046052 052052 050053 052047 046053 046051 046053 047048 048046 054052 052052 054050 054053 049049 053051 053047 052050 047046 051055 049055 046047 053046 050055 055052 053046 055049 053054 046047 055049 055055 049052 052047 048055 054048 054054 047052 052054 048053 050054 046049 048051 054046 048050 053048 046046 049053 048046 054051 046052 047051 051051 049049 048047 050050 048053 047049 051051 052053
i551, 055053 055052 052048 049049 048049 048049 053052 055046 046051 055048 052052 049055 050054 049049 055048 047055 049048 046046 047053 048053 051047 049053 046046 046051 054049 053051 052055 052047 054051 052048 047050 047049 049049 052054 052046 052051 051052 053050 052052 055054 048047 052054 050051 050049 053052 050052 052053 048051 055046 054048 046048 052055 048053 048054 053054 046053 050055 052047 049047 052053 051053 049049 055054 046051 047048 049052 053046 055050 050046 051051 055049 047047 048050 052051 050055 055046 047053 048055 052048 049046 050050 053052 053051 052050 048048 049055 046047 049046 055053 052048 055053 046047 051051 049049 054051 046050 047055 048047 051054 051047
i708, 047055 046047 047053 047050 048055 047050 050053 050055 050051 055053 049053 055055 046055 050055 048051 049048 050047 046051 050050 054047 052054 055052 052047 049051 052050 046051 052055 050047 054048 054052 053049 052055 049053 047050 050055 047046 054052 047052 053052 049049 047055 048054 048051 047049 046049 052051 054051 051046 049055 049048 047048 046046 052051 051047 048046 049046 055055 047054 051050 048046 051052 047049 049054 048048 055054 049048 052051 055049 046049 051051 049049 055051 050054 054049 052051 051046 053054 052052 049050 046046 054050 053053 051046 054051 048055 053053 051054 049047 052052 047046 055053 046047 055055 048047 049054 053052 053047 054053 049051 054047
i388, 048051 052050 048048 046050 050048 048047 052055 055052 050048 055055 052049 050047 048055 047049 049055 053054 048048 047051 048053 051048 049046 050049 047052 049048 050046 047051 055046 049050 055054 053049 052049 054053 046051 055052 052055 046055 048054 049050 051052 053049 053050 051049 051046 049049 052052 047051 055047 047046 051051 050048 049049 052047 052047 055054 048046 055052 051051 052051 052052 050052 047052 046047 050051 054048 050048 046047 051053 049055 049050 051052 047047 049047 052049 050049 047049 047051 052052 052052 049047 048049 046048 055046 046046 051051 052050 046054 053047 046047 054055 054054 051054 047046 054048 046053 050054 053052 052048 049049 053051 047049
i42, 049049 050046 048052 050050 050048 050047 048052 050054 050050 048048 051049 046046 048050 049052 051048 054054 048050 046051 051047 053053 047052 054049 052052 051047 054050 055053 054055 048049 054050 049054 051046 050047 054049 051051 055052 046047 050054 048048 048046 054049 053048 046046 051046 051051 052050 050052 050050 048051 046055 051048 052046 052049 052051 054054 046053 055046 050055 047047 052047 053055 050052 049047 049054 048048 048047 052050 047053 050055 046053 051051 051049 049048 048052 050054 053050 051048 054049 054052 049050 049052 050050 050048 052051 046046 055050 048054 047047 053046 055051 047047 053053 047051 053051 049053 054048 048046 050055 047051 051053 051049
i403, 049049 050053 054047 051049 048050 046049 052052 050055 051049 048055 052052 049046 049048 053050 047047 054048 053046 047047 048049 053053 049048 047047 051052 051051 049055 051051 047047 050050 051055 046047 049047 055048 053051 047050 052052 046047 055046 049054 052050 047052 051051 052052 051046 046049 049050 054053 054054 047046 046051 049048 046050 052055 052047 048054 046046 055047 055051 049046 055055 046054 051053 049049 055049 049051 048048 048055 053050 055047 046050 052051 049051 055051 051052 049052 050048 048048 054053 052052 050050 053048 054050 053053 048050 052046 055048 053046 046053 053049 052050 048048 048053 046053 050047 052053 047047 050050 053055 048053 051051 053053
i61, 055055 049050 047054 049051 048051 050049 052051 049052 047049 055055 052052 049046 055050 052047 047051 054048 047053 051051 051054 047047 050046 050054 052049 055055 054047 047050 053051 050050 047049 051046 055053 048052 053049 051050 052052 050046 052048 054050 052052 050053 050053 048046 046046 051046 047046 051047 047050 046050 046055 054051 048049 055046 047046 052051 053054 049055 051051 053047 052052 051054 047048 049049 050050 048048 055052 048055 047046 055049 050055 047051 051055 047053 046052 051049 049055 047054 053053 047052 050053 052053 051046 053053 052055 046049 052047 047047 047053 055054 055051 051051 050055 051047 054053 055049 054052 046051 052053 046047 051052 047050
i180, 049049 050050 055054 054050 050046 047048 055052 049046 051049 047055 052052 053054 052048 049052 050051 050048 053049 055053 055048 055053 047052 051046 052047 055046 049052 050051 054047 047052 054053 051053 052049 053048 046051 050054 052050 051051 052046 049051 052052 049052 053048 054046 046046 048046 049046 047053 051047 048051 046046 054048 050049 049055 052046 054054 048053 049046 055052 050055 051049 050048 046048 051046 046050 049051 048055 051055 046052 054049 050047 048047 050055 050046 050052 054047 050048 055055 052053 047047 047047 054046 046049 055046 051051 046051 050048 050053 053047 049047 054055 048048 055050 051047 050051 049049 053048 051052 055047 049047 052052 053053
i599, 050049 049050 054047 055049 048048 049046 049046 051048 050049 053055 049049 050055 049050 054050 052048 048053 048050 046048 048053 047053 048047 049049 047051 051046 049055 050047 055048 051048 051051 046052 049050 048050 046047 051050 050046 055053 054050 052047 047047 050053 055047 048054 047046 052052 049052 052047 054047 052050 053046 048048 049055 047049 055047 055055 053053 055055 050050 053046 051055 053055 051055 047049 050055 047047 050048 050049 053055 051046 050047 047051 055049 047047 051055 053054 049048 054053 054054 052052 050053 046046 051047 055052 050053 046051 055047 046053 047048 046055 050049 048048 053052 052053 051049 052052 047052 050051 052046 055054 053055 054055
i114, 049049 050050 054054 050049 048048 055048 050052 055049 055049 052053 053052 055055 049049 052053 048050 050053 049050 051048 048047 053047 047047 049050 048046 055053 047047 046047 047047 050050 054051 049048 050050 050047 048049 050050 050046 051055 049047 048050 050052 053049 055047 048048 051046 049049 046052 053053 053046 055051 046049 050047 049048 052049 051052 052047 046054 049049 050054 055055 049051 046053 055053 049049 049049 051051 048046 046050 048047 054055 050050 050047 054053 050055 051052 049052 048048 048048 053054 047047 052049 046048 048054 046053 047046 055048 049048 049046 047053 046046 052051 048052 055055 051055 055055 048049 052047 046049 054053 054047 051051 052047
i741, 052055 046046 047048 049050 050048 047048 052052 046050 051049 055046 053050 055049 048052 047055 048055 047051 050048 054049 051055 055053 046046 049050 050053 051051 049050 050051 054047 049053 052051 047050 046050 051050 054053 055051 050051 046046 052051 051050 052051 049049 051055 052048 051051 054050 055049 047047 051054 051051 048049 048048 054046 053052 048047 055055 053054 055046 055055 055055 047055 055053 048053 053051 049055 051048 048053 049047 053051 049049 050054 054051 049051 047047 048055 054049 049055 050054 051055 055049 049052 049053 048049 055055 051051 046050 050048 049048 047053 051047 046053 054048 055055 047047 053046 049048 054048 047052 052052 048047 055051 049048
i673, 049046 050050 047048 053049 050048 048046 053052 046048 050049 055053 050049 054055 048049 052050 050052 054048 055053 053053 053051 053048 046048 055046 049046 049046 049047 055051 054049 052048 055054 054049 049049 055047 053049 051050 052051 049055 054049 052049 052052 051050 055046 046048 051051 052053 050050 046051 054050 054048 046046 048051 049050 052049 046048 052047 054046 046053 054055 055046 051052 048053 046051 049049 049046 048049 050046 055055 052050 048049 049050 054050 054048 047047 052052 053049 048048 053048 054054 052047 049047 052046 054050 049053 052053 050046 048051 046053 050047 046047 046048 051052 053052 046052 048054 055049 055052 053046 048048 050052 047051 053048
i425, 052049 049048 053047 051050 048048 051046 052052 049049 049049 054048 049053 055052 048054 052050 047048 054054 050055 055053 054048 048051 047048 046052 054051 048055 047049 049051 051048 050048 055054 047052 052049 055047 049054 054050 055050 051051 054052 054050 052052 053053 055052 054052 046049 050049 052053 053051 051053 046046 047046 047048 050048 054046 046046 051054 046053 046046 050055 053047 047051 050055 052055 053049 050050 049046 055050 055049 052055 055046 050054 051054 055049 054049 052049 052052 048049 055048 055047 052055 053050 054053 050051 050049 051053 049052 047046 052046 047047 046054 050052 051051 054048 047047 049049 048051 050054 053054 051055 054049 051052 050055
i202, 053048 049049 054046 049049 051048 048048 046053 046049 054050 046048 053052 049050 049053 050050 048051 055054 047046 053054 048051 048047 046046 046049 052052 046052 047047 047055 052047 050047 054047 048054 052052 049048 053053 054046 050047 050053 054054 054050 052052 049052 055054 049052 052051 053054 046053 047047 046050 048048 053053 054054 046054 053046 047052 048054 049054 055049 051049 049049 052048 053055 048055 047049 055055 048053 046046 049050 048046 049054 046055 048051 047053 049046 050052 052049 051049 048047 047054 052049 049047 053052 051053 046053 046050 049051 048046 053053 047047 053049 055052 046048 050049 046051 048047 048053 052054 052049 052047 050049 051047 050053
i9, 049048 046049 054047 049054 052050 050048 050051 049046 049049 053048 052053 051046 051050 050050 047047 048048 048047 047047 053047 053046 055052 049050 053051 051052 049050 047046 048054 047046 054051 048048 050048 047054 049049 054054 050055 055050 054048 053050 052052 049048 052053 046046 051051 049049 052053 053047 048046 046046 049048 054048 050055 049054 048053 052055 046053 053051 053051 055049 055047 053046 050051 049051 055054 048051 047050 055046 046051 052050 050050 046051 049053 046053 052055 047054 049055 052047 055052 055047 047050 053048 049051 046050 050046 052046 048055 048046 048047 055047 047052 051051 055053 054046 048053 049046 054050 049052 051055 047047 053055 047053
i76, 047049 051050 055047 053049 048048 047046 050046 046055 049049 055048 049052 050050 052050 047052 047048 054054 048050 053051 050054 047048 050052 046050 055049 051047 049049 051050 055048 047050 047055 049047 050046 051048 051049 046051 046055 047046 046047 050048 052052 052050 047047 048052 053046 047046 053049 052047 047053 046046 055046 054054 046046 047046 052048 048047 054053 051049 051047 055047 051047 046055 048052 049055 050049 048055 048046 051049 047055 049055 051055 052051 049049 050051 049050 047047 050049 050050 052054 048048 050049 053055 049047 049046 048048 050052 048051 046049 046046 047049 051050 051047 052046 047052 050053 052049 053048 051050 052047 051050 051047 055053
i618, 046049 050050 047047 049049 050050 054047 046051 049054 051050 048046 052052 049049 050050 055050 048054 047048 055054 050055 050046 047047 047048 050049 049049 046051 054047 051046 054052 050050 055052 050053 050055 051050 051046 050048 050050 051055 052047 053052 052052 050050 048053 046048 046053 049052 047051 047051 054054 048048 053046 049050 046046 053055 047048 052052 048048 046055 055055 055050 049055 048047 053046 049053 053049 055051 048046 049049 052047 049046 047050 049052 051049 055050 051052 048051 055049 051052 047047 055047 054053 048048 046050 048046 053049 052051 049047 046053 046053 053055 050050 051052 053053 051051 048047 054052 055050 054048 047047 047047 051052 047048
i100, 049052 049046 051047 050050 046055 048049 046052 046046 051049 055053 052052 052055 049050 049052 048051 050053 054055 053047 049046 053048 052048 050049 049054 055055 047049 051047 052054 052050 052047 052051 050046 050048 053048 054054 054049 052051 054046 050050 048050 051052 053051 052048 048055 050046 052046 047052 050055 051046 051055 054048 049050 052053 046046 047054 053046 055046 050050 055052 049055 050053 053048 051052 055052 048048 054046 054055 053047 048055 047054 050051 049054 055047 051052 052054 050048 051050 053053 052054 050048 055054 049054 053054 048052 051052 049049 053053 052046 046051 049054 048048 053055 047053 053052 048046 050050 046050 052055 047053 047051 052047
i188, 046055 051048 055052 051053 050048 055050 053051 054046 049047 048048 049053 052046 055051 050052 053050 055054 047049 048046 048051 053048 052048 050050 052052 055055 055049 050053 049051 053050 047054 053048 049052 049047 053051 046054 051051 051052 054054 049049 052052 053052 055053 050054 051046 049054 046049 053052 053054 046046 054050 050048 049049 052046 047051 048046 053053 053051 055051 046055 051047 048052 051048 049049 054049 049047 048049 055049 047050 052054 055049 051054 047049 050046 054052 053054 051048 051054 053054 052047 050049 050053 047047 053053 051046 054054 049050 053046 053047 047048 055051 047052 052051 050047 049053 049049 054050 054052 048055 047047 055051 055048
i229, 047055 050050 055055 050049 051052 053047 053052 046049 051050 055048 049052 055054 051050 047052 051048 054053 046049 047047 048048 046047 047047 049055 052052 051055 047055 047047 049051 050050 051052 047054 049052 050052 049048 050051 046051 055052 049048 054050 047052 055049 052055 046046 046051 050053 053053 051051 046054 051050 046046 047051 048052 046046 052048 048054 046054 046049 055050 049052 052053 046051 047055 049049 055049 051048 054046 049055 051048 055048 050050 051051 051050 049047 055048 047048 049048 047049 047047 047052 053054 053049 048047 053054 046049 046046 048054 046054 048046 049046 048049 051051 050050 047051 052053 052047 052054 046051 048048 050049 053051 047047
i215, 047053 053050 048047 046051 054050 047055 053050 050046 048050 053055 049052 055055 049050 052050 047048 054054 048054 052053 053051 047047 048049 046049 052052 046055 050050 051053 052047 052048 054055 052050 050050 048051 046048 054050 049054 050055 046054 053050 052048 049050 053055 054047 049055 051051 053053 052047 046050 048046 046046 047049 054049 046052 055046 055052 053054 046046 055051 049055 049055 050053 055050 049046 049055 055051 050046 051054 047052 055048 050046 047052 054047 049047 052047 054055 055050 050051 055052 052052 054047 053053 047051 055053 051052 054052 047054 046053 052046 047049 052047 048048 053053 047055 049055 053053 050054 050051 047047 047047 047052 054047
i315, 055048 053050 054048 049052 046053 051047 052050 048046 050051 055049 049053 049051 054055 048052 047048 053047 049054 047046 053047 047047 048048 050046 054052 046051 053049 055047 049047 050047 054051 047047 055049 050053 047049 052054 052055 046053 051054 047051 052048 047049 055052 052050 051046 049049 046050 052047 054053 051049 046046 051055 050046 049046 051048 054054 048055 049054 050052 047047 052052 052052 055048 047051 049054 048046 055046 052049 053051 046046 050051 052051 052051 047050 052051 049052 049048 054051 053047 047047 053050 046046 051049 054053 046046 050051 047049 053046 047047 047054 051052 047047 050055 046047 051053 052054 047050 051047 052052 047053 051051 047050
i364, 049055 046048 054055 053049 048050 048048 050051 050046 051048 055049 051054 052055 050050 052052 048048 054055 054049 053047 053047 047053 052055 050046 054047 052054 050050 050053 049055 050048 055052 053053 052046 049053 049049 054050 047048 055046 046048 051054 052046 048054 055053 052046 050055 048051 050046 052053 047054 046046 055053 054048 048053 046046 047051 052051 048053 055051 050055 049050 047052 050055 050048 049049 055049 047048 047048 055052 055053 055049 049055 050051 054049 046048 048052 050049 055048 048051 054054 055047 052047 053054 046051 053046 049046 054050 050047 048050 050046 047047 048052 048054 055050 047047 051052 049052 047052 053052 053053 047050 052053 047049
i227, 047048 049049 054048 051052 050048 047054 050052 052046 048051 055055 053052 055055 052055 052053 048047 049054 046048 051047 051051 053047 050048 049050 053047 047051 050046 053055 055053 047053 051047 050054 049049 050051 049049 047050 053050 052055 051053 049048 052055 052049 051053 049052 051055 048053 048049 047054 054052 050046 053053 048055 053049 046053 046052 047047 046055 051055 050055 046049 052047 055055 046048 049049 050049 047051 055048 055052 055050 049049 046054 051047 054051 055049 052052 047047 049048 052051 047052 052048 049049 046049 046048 053054 051051 049052 055049 053048 047050 053049 052055 048055 055051 052047 047055 054046 054054 050054 052055 047049 053052 053049
i143, 046048 046055 048047 049048 046048 048055 052052 050046 051049 053055 052049 051046 048047 050047 047055 055053 048048 047049 047053 050047 046049 046055 052047 049049 046055 053051 055055 050053 054050 053053 049049 055047 053049 051054 046055 046050 048048 048047 046052 053049 055051 052048 053049 046049 052053 052052 047052 046048 049046 047055 050054 053046 055051 047054 053053 055055 055050 046055 052047 053055 052055 049049 054050 051047 048047 049052 046050 046049 049046 051049 049049 050049 049051 054054 051055 051047 053053 052049 047047 049049 049051 046053 051048 046051 048054 049046 053055 053049 051055 055048 055055 047046 050047 046053 054052 046046 052050 054049 047051 048048
i512, 046046 046052 051046 049052 050048 050049 051053 055046 052048 048055 052052 055055 047055 055052 048048 047050 054049 050051 051048 053053 054052 049049 052047 055051 047049 053050 050051 050050 047050 052049 049049 050048 046046 050050 050053 052050 051050 046050 052052 054049 048052 052049 054055 049052 053053 050049 047046 046052 053055 054054 048052 053053 051047 054054 054048 046055 050052 049047 052052 053055 053055 049051 049049 051049 048051 055050 055047 049055 055050 047051 054055 051049 050052 052054 047054 051051 053054 055052 049049 049053 051051 053053 048046 051046 049047 046053 047047 046047 046051 046052 052050 046047 055051 049055 048054 052046 055047 048047 047055 048048
i407, 049048 048052 055053 051054 051048 049049 052050 050050 050047 048050 052055 050051 049053 054047 048048 054054 054047 053055 048051 055053 048048 050050 052055 055051 055052 052055 047055 055052 051047 053052 049049 047048 053049 050053 052050 046051 054052 047048 052052 049051 048053 051048 055046 049049 053052 051052 050050 046051 049046 049048 048046 049049 051052 055055 050054 049052 051055 052050 052049 053052 046050 053046 049050 046055 050050 055052 052055 055052 050046 046052 049051 046051 048052 052051 049049 054046 053053 052052 048052 053053 051048 053055 046051 054046 055049 053053 047047 047055 051052 051047 053055 051047 053048 053046 052054 046050 055049 051051 047053 048049
i539, 055047 050050 047054 050050 051050 055051 052052 054046 049049 054048 048049 055055 055049 047055 049047 055053 048052 053047 053049 053047 046046 055046 052052 054055 049049 055051 055055 050048 052054 052050 055052 048049 049053 051053 050055 051055 046050 047054 054052 052053 053052 052046 055051 051047 053052 053054 055055 051051 046055 048048 054048 046053 047052 048052 054054 049049 050050 055046 050052 055048 055050 047051 046050 051048 048052 049049 053046 048051 049050 052051 051054 050050 050051 053053 048055 048050 054047 052052 050049 046052 046054 053046 048051 048049 047048 048055 047053 046046 054055 052051 053046 047047 049049 047052 052054 046053 055047 050047 047051 052052
i53, 049055 048053 054046 048054 046049 053048 049052 049055 051050 053053 052052 055049 052051 052047 049055 055054 055046 053047 053048 048047 050048 053046 052052 047047 055050 047055 052055 050047 051054 053053 050050 049049 049054 047053 050050 051055 055054 053049 052052 053050 048055 052054 052051 049053 049049 055051 055046 046046 050049 049048 048046 052046 055051 048054 054054 049049 050052 050049 052047 055051 046051 046049 055046 048048 054054 052055 053052 055049 051050 051051 048049 047048 049051 049052 048051 047049 052047 052047 052054 049046 051050 054053 051046 049052 050048 053050 047047 047050 051051 054048 050046 047047 048051 049052 054052 050050 055055 047047 051053 049053
i802, 047053 049050 046054 053053 054050 053048 052052 046049 052050 054048 052048 050055 050049 047048 047047 055048 048050 055054 053053 047047 052046 048047 052046 046050 049052 046050 051047 049047 047054 052051 049046 049055 051053 046055 052055 052050 050047 047052 052052 049052 055052 054054 055048 053051 046049 052052 054054 046055 046051 048048 049049 053053 052047 047055 046048 055046 051053 049048 051055 055053 048053 049055 055054 051053 049055 055046 047053 055049 054046 053047 054049 048047 053048 051047 049048 055047 052053 055049 047047 053048 054046 050052 046051 046052 049047 053053 050048 047054 051050 048051 053051 047051 048052 049049 052054 050052 047054 050054 051052 047047
i572, 047053 050050 048047 050049 052046 053049 052051 050049 049051 048055 053048 055046 051055 049053 055051 053048 054048 051048 049051 053049 048054 047050 055046 055049 050049 053053 052047 047048 051054 050047 050049 050051 048053 050050 052052 050054 049047 049048 048052 046049 053048 051052 054051 049047 055051 052047 050054 047047 051047 050054 052054 053053 047048 054054 046054 052055 052050 049046 055052 048055 052053 049049 049050 048048 046050 048050 053047 049046 055047 046051 047046 053047 052046 047053 049049 055049 055052 050055 047049 054049 046051 055050 051053 051049 047052 046053 047048 053050 052046 054051 050050 054047 054048 046049 053046 046052 046052 046050 052051 052047
i415, 047050 050053 047053 053050 052051 048050 050053 055048 050051 051047 053052 052055 055048 048050 051055 053054 049046 055048 048055 047047 047052 049049 052051 055055 047055 047049 047052 053050 047051 048049 049046 046048 048054 051055 055053 052050 047048 049050 052046 052055 048048 046049 051046 050053 052053 050052 050054 046047 051046 054049 049054 055049 047047 055049 053048 054052 055050 046048 052051 053052 051053 047049 049049 051053 048055 050055 055047 050052 054047 051054 051049 055049 052050 053047 055049 052052 053055 052052 049054 048054 048054 052046 046046 046050 050050 053049 049053 047049 052047 047054 052055 047051 050051 048049 054047 046046 052047 053050 055051 047047
i220, 048046 050050 054054 046049 050050 055049 049052 049052 049052 048048 052053 049055 049055 047050 048048 047053 048050 051048 048048 053053 052047 050046 052052 055052 047054 051049 047051 049051 050046 047052 055046 047050 049054 054055 055055 046046 052053 049050 048052 054052 052055 048046 046051 051051 046053 054047 051046 046051 049053 047051 048054 055048 047052 054054 054046 046049 055050 050047 052052 047055 052046 049049 046046 051047 053054 052049 055050 049046 050055 051051 049054 047055 054052 047050 055055 047053 047054 049046 051047 048049 051049 053049 051046 046052 048050 053048 047047 049055 050055 054052 051052 047051 051055 054052 054052 052052 048047 053053 055051 052049
i685, 053047 049053 047048 049046 050048 050048 049052 046046 050051 055047 049049 046052 055048 054050 048049 048053 054046 047048 048048 048053 051046 053050 054050 051051 055052 055053 055051 050053 054054 051047 049046 046053 054053 047051 052046 050046 052052 049052 052051 049049 053052 051052 046051 049054 050046 047054 050046 048046 051053 049048 054048 053053 047046 054054 054054 053046 055051 048055 049054 052048 048052 049055 054046 047055 049050 055055 052046 055055 055046 047050 049051 046048 051051 049049 055051 054050 047053 050047 050047 050046 054049 046053 048053 054049 051048 050048 049053 053055 052046 052051 050046 051055 053048 055049 052047 047048 046052 049054 055047 053048
i295, 049047 050052 054048 049054 048051 049048 052052 052049 051051 046051 052053 055055 049055 052052 047047 047048 048048 051053 053049 047048 048052 050049 055051 051051 050054 051053 054046 050050 050051 052046 050049 052050 049054 052054 052050 051051 052054 053047 053052 048050 050048 046052 046046 046053 052052 047052 053054 050052 049050 048049 046046 055053 048052 052054 048055 054053 055047 055053 049052 052053 055046 046051 055050 047049 053054 047050 053053 051049 049046 051051 054054 051053 054048 054052 048051 054049 054054 049053 054049 048054 046046 053049 051052 050052 049048 048054 047047 047047 053048 048051 050052 046047 051048 052049 053054 050046 047049 052051 050053 054053
i703, 048047 053053 054055 049050 054050 050047 053052 046046 049052 055047 050052 049046 049048 053046 048052 054054 048046 047047 047047 051053 047052 055055 052054 046047 054046 048047 055047 047047 051051 047053 048049 048051 053053 050050 052050 051051 052054 048053 052055 052048 053052 052054 048050 052049 053053 052053 048054 047046 049055 048047 046046 053046 047046 054047 053049 046055 051052 055050 052054 050050 055052 051049 051050 048048 047055 048049 051052 049051 050047 051051 047049 047047 051050 053047 053049 054051 053053 052052 054049 053049 050047 052049 051055 051050 048050 049046 046053 046047 048052 047046 053049 047046 048047 055049 053054 054050 052052 047051 051051 051053
i77, 049049 051053 055054 054050 048050 051047 050050 046049 051049 054055 055052 049055 048052 047052 054055 054054 054048 051050 049053 053055 047050 047051 052052 050051 049050 051051 051055 047051 055050 050047 050053 047050 053054 055050 049048 053046 054054 049053 052052 054050 052055 046046 053053 051049 046046 053052 046054 047046 046046 048054 054050 054053 048048 049046 046048 049046 050050 047046 052049 046046 051055 049051 050051 054048 055047 049049 053048 049050 046054 051054 049051 049049 053054 051047 055050 049054 051053 047048 047054 048048 049048 048053 051046 046046 048047 046046 052047 049051 055051 052054 052050 052046 048048 054048 048054 046051 048050 050050 051052 049053
i104, 050050 053046 047048 049049 048051 047050 048049 046048 046052 055055 048052 048046 051046 052047 052051 053054 046050 046047 048055 055046 047052 047053 051046 055052 049050 047055 047047 050050 054054 053054 054048 050054 049054 050051 051055 046052 055054 054047 050052 053049 055052 051052 052048 053052 053053 047047 046054 052046 053051 054048 048053 046051 052052 052052 053053 054053 052050 046052 047052 052055 053048 049051 046050 047046 054050 055046 055053 049055 047049 051049 054049 047047 052048 047053 048050 050046 047054 052052 053054 049050 051051 049049 052051 052055 050054 046046 048047 055049 055052 048051 054055 046054 054047 055048 047054 051050 047055 049051 051047 051053
i95, 055046 051055 047055 050050 050050 051051 052050 046050 047048 055055 052052 049055 055055 052050 047051 054055 048046 054051 047055 047054 051047 055046 054054 048046 050046 049051 046046 050049 049052 054049 050050 048050 049046 047051 051053 046050 054054 048053 052047 053052 055047 052052 046053 052049 049046 050054 051046 051048 046050 047048 049050 052046 052046 048055 054053 053051 052050 049055 049049 048054 055053 053049 054050 046054 046052 047048 050053 049052 051050 048047 051046 047047 055051 047052 049051 050049 053054 052046 053050 055048 051050 053048 046051 049051 050048 047049 050047 049054 046051 048047 050055 046046 048047 053048 050049 052046 054055 051053 050051 047054
i1, 053046 053050 054053 050053 050050 047053 055050 049051 051047 047055 049052 046055 050051 047052 052052 055054 046054 047051 055055 047050 048050 052047 046046 051054 050054 053051 052047 049052 052054 050051 047052 051054 048049 055050 049046 052051 054051 047049 052052 050050 055055 048046 051046 051049 049053 051047 048054 047048 051055 055054 053050 052052 053052 048054 053049 052049 051050 049055 052054 048050 046053 049051 054046 046054 050054 055047 051046 049055 050055 054051 047055 046048 052051 053051 048048 051051 055054 049047 050055 053046 046050 053053 052048 048051 049055 047050 047046 047046 052052 047047 053053 047053 049048 052053 054052 052047 052048 048053 051049 047053
i201, 053046 053050 053048 055049 046054 048047 047049 046046 048051 055055 049052 050055 050049 049053 054048 054054 049048 047054 047048 048055 052046 046050 052055 055049 055055 053055 052046 047047 054047 051046 050048 049052 049049 055050 055051 046053 054048 048054 047052 051049 052048 048048 051051 049051 053046 052053 047046 046051 046053 047048 049052 052055 052055 054052 053054 049046 051055 046053 052052 052048 051048 046049 050047 047046 055048 046051 048055 050052 047050 051050 049055 047053 051051 053054 051051 050054 053054 053048 047050 053048 048051 052048 049052 055052 054050 049046 053047 049047 048055 046047 048051 051051 053054 049053 052054 052052 048055 050050 051049 047047
i658, 046047 050050 047054 052050 048051 047047 050052 046046 049050 055053 053048 052046 052049 052055 052052 054053 048050 052047 051047 055053 052051 050049 049049 048051 052050 050047 049052 047050 052055 048051 046049 050047 049049 050046 050050 046046 046048 046049 049052 049050 052052 054048 046050 052052 053050 047054 046050 051046 046046 047047 048046 049046 047052 054048 053053 046049 055055 050046 055046 048053 051047 051049 046049 049055 048054 047052 053047 052054 055050 049047 049049 049048 048053 047047 055051 046047 054053 052052 047047 055055 051054 050046 049051 046048 052051 048049 047046 047053 046051 054051 050046 046047 047053 049048 050047 053046 055055 050052 052051 050047
i635, 047046 055049 054046 049050 046050 047048 055051 055055 048050 055054 049052 055050 050050 050047 047051 054054 048053 047047 051051 053053 052052 050046 049046 051054 047050 051047 048047 049049 054054 052048 050047 052050 049049 054048 046055 055048 054049 050048 048049 053046 055054 046048 055051 049052 046052 055051 055051 047051 049050 051048 050054 046046 052052 052047 053053 055052 050050 047046 052052 051055 053055 051049 049049 049049 048046 054049 048048 052050 049049 050050 047051 048047 051051 052048 051049 051051 054053 047052 047048 049053 048051 049053 052050 046051 047055 048048 048050 047046 049049 048054 050049 047051 054047 053053 054051 050050 052048 053048 055051 047047
i575, 049053 050053 047048 046050 046051 049052 053052 055050 051052 051055 052052 052049 050052 047055 051050 054053 049048 047047 053053 050047 047046 053049 050052 055051 047054 050053 051051 050050 047055 053054 053052 047047 049049 046054 047051 046050 054052 050054 053046 053049 055055 046052 046046 053049 046053 054047 052048 046048 046051 049050 052054 053051 048055 047048 054048 049049 052055 046055 052049 055046 055052 051049 050055 054047 054048 055055 053051 049054 050049 049051 048047 049051 050046 053049 048051 051051 052047 047048 047050 055052 051047 054054 051055 049046 047055 049047 047052 047049 054047 047054 047052 047047 050051 052048 052047 048050 053055 047053 053051 053053
i46, 046048 053053 047047 053051 051054 054047 050053 050046 051050 055048 049051 049049 047050 047055 051048 054054 055050 047047 047047 055053 047054 046055 053052 046046 055052 055046 051047 053050 047054 053047 049049 055052 054049 051050 051050 052051 046052 050050 052052 050049 055052 054046 046052 049050 046046 050052 051048 046050 046046 049049 049046 055049 046052 055052 054049 049055 055050 052050 047055 046052 051048 049049 050054 054053 048050 050049 046051 050055 049053 049046 049049 048049 048051 053051 055049 052048 054054 055055 047054 048049 050050 046053 052048 051050 048047 053053 047052 046046 055051 046048 053053 047051 053047 055049 054052 047049 053052 049054 055047 048047
i222, 054049 050046 054052 050049 051051 050055 052052 052055 050047 046055 050052 049053 049049 049052 048048 054054 048048 055046 055047 053047 046046 051046 052049 046046 054049 054046 055047 053055 055055 054052 047052 047053 049053 053052 050049 050047 048047 048053 047052 049049 047051 052052 055054 049049 050046 050054 050050 051048 046046 051048 046054 052055 047052 048052 053046 049055 050051 049055 055052 055055 046050 047053 049054 051048 051047 050046 047053 055055 051055 051048 053049 050047 052052 053049 048053 052052 053054 052052 054050 053055 048050 053054 046047 046052 047048 048055 047050 047051 047052 047051 053050 047047 048053 054048 054052 047049 054047 049047 047052 049053
i420, 047049 047050 054053 049050 048046 047048 055046 046046 049048 054055 052052 049055 055050 050052 047048 055048 048048 047053 048055 055047 047055 049050 052052 049049 054054 047051 055055 051050 054054 046053 049046 051049 053053 055047 051050 050050 054050 054054 046052 050050 055055 046048 055051 051047 053052 053046 055054 046047 053046 054049 049048 052052 052047 052055 054046 053053 050055 050052 047050 048052 052046 046049 053054 048048 048050 046055 052055 049054 050049 051049 049051 050049 052050 054049 048049 047046 054053 053052 047054 055046 050047 049046 052049 051050 055051 046050 048050 055046 052053 047052 052049 047051 055050 053052 055048 054054 047055 047047 055053 052048
i742, 049047 052050 054053 053049 048050 049047 052052 046049 050049 048055 049052 053055 050050 047052 048051 047049 048048 053046 050047 046046 047050 051049 052052 047051 046054 053051 047050 050052 049052 050051 046049 053047 048054 050050 050050 052055 048050 048050 052050 049049 053055 048052 051053 049053 046049 046054 054054 052051 054051 049052 049054 049047 046048 048052 054046 046049 050055 052049 047052 053055 048046 047047 050055 046046 048051 051050 051047 055050 050046 051047 049054 049048 049052 049052 049049 051051 055050 047049 047047 053049 048048 049046 052051 046050 048050 049050 048047 046053 055055 051047 050055 047052 052051 052052 050054 052050 055055 049051 051053 048049
i312, 049049 053051 054053 054050 048048 055050 048052 055046 050050 053053 052052 055055 049050 053047 055048 053050 050049 046051 049053 055048 046052 047050 047046 051052 047055 046049 046055 052050 050054 051051 048046 050050 053053 053050 050052 046051 051052 047048 052052 053048 053055 052053 046053 049051 049046 050053 052048 051051 053046 047050 046048 046054 046052 046055 054054 046055 055055 055055 049050 052055 046050 049055 049050 051049 055055 050054 050053 048052 047055 046051 051054 049048 049048 049048 048049 053053 054053 055047 055050 046049 050046 053046 048052 046048 054055 053049 046053 055049 048049 054046 049046 047047 055055 048055 052054 048050 050053 047053 052053 049051
i206, 055053 050050 046047 048050 046050 053047 050049 046046 051051 047053 050047 055055 050050 050055 048055 054055 048049 046048 055051 046047 047050 050050 046052 046052 049055 051051 047055 049050 046051 047052 049046 048047 053051 047050 050052 046052 054054 046050 052052 053052 053052 047046 051051 049049 052053 052053 046054 046047 046055 048048 054054 053052 051046 052054 054053 046055 051051 048050 051052 048048 055055 049049 055055 046053 051048 048046 051051 048049 055050 051047 047049 049049 049052 052047 049048 050053 054053 052046 049052 053049 054050 053053 046051 046050 055050 053046 047047 047049 052050 047046 052053 053046 054049 048046 054052 050046 050055 052049 055055 050053
i608, 053050 048050 048048 051049 048046 046048 048046 050048 049047 046049 049052 049055 050048 053047 048050 055047 046048 048053 051053 047053 054052 049049 055047 046049 046047 046046 055047 047048 051054 047052 049047 048051 051049 050050 052050 050052 051048 047048 052054 053050 052046 052052 054047 051049 053046 052052 053047 051055 051049 047047 050049 046046 046052 048054 046046 046052 055054 055047 051047 048055 053051 049049 055055 054054 050055 054049 046053 051055 050053 048051 054047 047047 052052 053052 048048 049048 054054 047046 049050 055055 050048 053046 051048 051049 050049 047055 046048 055049 051055 047048 046055 052047 050054 051053 054052 050052 046052 049054 051047 054047
