point 1
gen 0
lala land
l82
l48
l27
l3
l66
l7
l94
l99
l83
l5
l23
l19
l57
l41
l73
l86
l65
l11
l4
l89
l51
l72
l64
l10
l49
l1
l26
l36
l15
l75
l69
l39
l25
l67
l71
l79
l37
l21
l55
l13
l38
l17
l47
l95
l12
l45
l9
l92
l22
l96
l29
l56
l93
l24
l0
l35
l34
l81
l91
l70
l32
l90
l60
l20
l8
l31
l54
l14
l97
l76
l28
l84
l46
l59
l78
l80
l16
l98
l68
l6
l62
l42
l53
l18
l2
l58
l63
l40
l52
l50
l33
l85
l74
l61
l30
l44
l77
l87
l88
l43
Pop
i379, 046049 050050 049055 054050 048053 054054 053046 055046 052050 048049 047049 054054 055051 048049 047052 049046 049049 053052 053054 055046 054054 049048 055053 046052 048052 052054 046047 048048 046052 047051 048051 055052 047054 046048 048047 049054 050051 054047 050046 048054 049047 047046 055048 050054 054048 055054 055054 052046 050046 055050 054047 051054 052047 049049 048048 049048 052046 052052 051049 055053 053052 047053 050053 054046 055046 050048 046049 047051 054051 051051 054050 049050 048055 054053 055055 052049 052046 047052 051051 055052 049053 047051 052053 054046 047053 050051 050055 052053 046049 053051 048055 053049 053053 047050 048047 047053 050050 054054 046053 055051
i247, 055050 055055 052055 054047 055050 047046 054053 053055 048048 048047 054053 047054 047053 047048 046052 049047 048053 054053 054049 050046 050047 054051 048049 046049 052054 055055 048052 051047 050046 049047 052050 055054 054054 048049 048049 053054 047055 046055 050046 053052 054046 046050 055054 048054 055055 055053 049049 053049 050048 055055 051052 050050 050050 050050 053051 050048 046048 052052 055052 046051 052055 052055 053055 052046 055055 053055 048047 047049 053050 051049 049055 049049 050049 053052 051049 049054 047055 053047 052049 049054 049053 050050 046049 054053 050050 054051 048053 052047 052052 051052 053047 052053 049054 050047 055054 049049 051054 050054 051052 052048
i393, 052052 054055 049049 054048 051053 047049 053053 054046 050052 048051 055047 046048 055052 047047 046052 049049 053047 050050 046047 055050 048048 052052 055047 046046 047054 051053 052052 050049 050051 049053 050050 052052 051051 046048 047047 047050 055055 054054 053054 055048 050050 051054 055052 048050 046048 055052 054049 053049 051050 047048 046047 047051 052049 053054 046050 055048 046053 047052 053051 051050 053054 047047 046046 052054 055046 050048 053046 050047 053055 055048 054046 052046 050053 052046 052049 055048 046047 055049 049047 046048 053048 047051 046052 048053 050047 051053 053053 052048 053052 053051 055047 053051 053047 053046 052055 053053 053049 048049 055052 048054
i514, 047053 054049 052052 050050 053047 047047 053053 055055 047050 054048 054055 053053 054055 047048 047047 055048 055053 048055 051053 048046 049048 049051 048055 047051 047047 054052 049052 049048 050046 055054 051052 047048 052054 055050 055049 053050 050055 047055 048046 048046 046051 046052 051054 053054 048048 052053 051050 049049 050050 047053 047050 050051 047051 049053 046048 048046 052052 047046 051049 053050 049053 055047 052055 054046 054049 049049 055046 055054 054048 055047 046053 054049 048050 050052 051051 048051 047047 047050 049046 051054 047053 053051 052051 052048 053051 054048 048048 049055 055052 051051 046052 049051 047055 047055 055047 052048 050054 051054 052051 052053
i176, 046047 049054 055050 050050 050053 047047 054054 050049 051050 049054 052051 054054 054055 048047 051052 052047 047053 051054 051053 046054 054055 048049 051055 050052 052053 053055 048050 046050 047046 053054 053053 052055 047053 046046 051048 053053 055055 046046 047046 048053 053050 046046 054051 050055 048054 055054 052055 052050 047048 053047 046054 055047 050050 050050 048046 049055 053054 049050 049046 050053 052052 055047 055046 048052 049046 053050 055052 055047 055048 048055 054050 049054 050053 052048 054049 046052 055051 052053 049050 046053 054049 047050 046052 046048 054053 054054 054047 053047 053052 051053 054053 051050 047053 046047 050048 050053 054048 053050 052051 048046
i435, 052050 052054 055049 054050 053051 054050 055053 046050 055055 047046 049055 054055 055048 047054 052046 047055 049048 055055 054046 047046 048046 052048 053048 055050 047052 052054 052046 053053 054050 046055 048052 052048 047053 048049 048053 049051 048050 055054 050054 053048 046050 047050 055048 050050 048048 046047 048055 050050 054048 050055 050046 054050 047047 050053 048047 046048 048053 046052 049055 052053 049049 047047 050052 048054 049055 050049 055047 052047 050053 049052 054054 052054 055050 052052 055055 051049 047046 052049 052049 051055 055050 053055 052046 052049 054054 052049 054053 052052 046049 053051 047055 053050 054055 047051 047048 049051 050049 054050 046052 051055
i323, 047051 055054 049049 047054 052051 048048 053046 053049 053052 051052 055053 048054 052048 054054 052048 053047 048052 047055 046054 051050 047048 048049 055053 052048 053053 055047 049052 048050 054050 051051 050050 048047 053055 052046 049048 050047 049048 054053 054047 055048 055054 046050 055047 048050 055051 052048 049052 050048 047048 055047 052050 049050 050050 051051 054046 055048 053054 052046 053049 052047 053053 047052 046046 054046 049054 049048 047048 054049 049049 049048 049050 052049 049055 052054 050047 053048 047055 047052 047051 052053 055049 047047 049052 051051 048049 052053 051054 052052 054047 051053 054046 053052 051051 055051 054055 051051 054054 046050 052054 052052
i445, 052052 053054 047047 050049 051046 047048 054053 050053 047047 054047 055055 054051 047055 047048 046046 046047 054047 055050 046054 047046 049046 054052 055054 050052 047052 053052 054047 054046 048051 054046 046049 053052 048052 049046 049053 050053 047055 053046 046050 049049 051051 049046 055055 048055 054052 055052 051053 046049 050048 055055 048054 047055 055050 048055 048048 049049 053054 047046 055053 051047 054053 047047 046048 052052 055046 054048 052049 055054 050054 054049 053054 049049 047055 053053 055051 047054 055055 047052 048051 054049 049048 051051 055052 054047 053050 048054 053047 052048 046051 046051 055047 050050 053053 046055 051050 053053 054046 054051 050051 053052
i566, 054050 053053 052049 048053 046048 047047 050053 055046 050048 054055 048055 054053 055049 047048 046052 046047 048049 052055 046047 053050 048048 054052 055046 052055 052047 053051 052046 048050 050050 049049 051052 054046 048048 046046 055047 047053 048055 046054 050054 052048 051050 049050 055054 050046 048053 048047 052054 050053 048049 055047 055046 048050 047047 050048 050046 055049 053052 050052 053053 047053 047055 046048 046052 052052 055055 053048 050049 051054 055054 052049 055050 052049 055053 052052 051051 052051 047050 052055 048049 046046 046054 047051 052055 054053 050052 048048 050055 052052 055051 049051 054046 052051 049053 047055 054048 050052 048048 054048 052050 046046
i192, 047052 054054 055047 054050 053049 047048 053055 049053 050050 048048 055049 054048 055055 050047 049048 046046 049048 055051 046053 047051 047048 049046 046053 046046 054052 053051 046050 046049 051055 051049 050050 053047 055055 048046 048047 051050 055048 046047 050047 052052 054050 046050 052046 053047 046053 055051 054054 054046 046050 047055 055052 050050 048052 049048 048046 046048 047048 055046 047053 051053 047053 047047 055055 054054 054055 049048 053052 051054 053049 049054 053054 052052 050054 052048 051051 052051 055047 047049 049053 049049 046049 050047 052052 048048 048050 051049 051051 055051 052052 051051 047054 047047 053051 047047 051048 052054 050052 054054 051052 052046
i439, 047048 054054 055052 050050 048047 047047 049053 049046 050055 054048 049049 055052 055047 049047 052048 047048 053053 048054 055048 046049 048049 052049 055049 049052 047053 054049 052053 049053 052048 053055 051050 053048 051047 055046 050047 053050 049050 046047 054050 048052 047052 049046 055046 050050 055048 046052 054049 049052 046049 048049 047047 051050 047052 050052 049046 055048 054046 047052 054053 053053 046054 055053 052054 051053 055055 050053 049049 055054 055054 049049 054046 049049 051055 052048 053055 051053 048049 047053 049051 055055 049055 049047 055052 054050 046053 052048 054055 049047 047047 052053 046048 051053 052052 051047 051051 052052 049051 046050 046051 055055
i652, 049052 054054 055049 049050 051050 047053 053053 050055 054053 054054 055052 047054 054055 047047 048052 055047 047055 055054 046046 052050 048048 048052 048046 054052 054046 047055 049050 053053 050048 049047 053051 052052 048049 046046 052047 053055 047055 049046 047054 050050 050049 046050 055052 053054 053054 054055 051049 053050 048046 055047 051053 051050 052055 054049 046048 055049 050046 046054 055050 047053 053053 047055 051053 046047 047049 049050 046047 051051 054053 049055 047054 046049 047050 052052 051055 051053 046047 055050 053049 051046 049050 047047 055051 052053 050055 048051 055046 049047 052055 051051 046052 052049 049052 055047 055049 048049 052054 054050 052053 055052
i164, 047055 053052 055052 049048 046051 054047 055053 055046 052047 049054 055052 053054 054055 055047 052050 053052 053047 055048 047046 046048 054055 052048 053055 050052 052050 053054 048050 049050 051048 054046 052047 047047 054046 048046 048047 053051 054051 047048 046054 055054 050046 050050 052054 048048 055053 052052 048052 052049 052050 047050 046054 047051 047050 049048 048046 049046 048054 046048 046052 053053 049049 049047 046052 046048 055055 048050 046052 055054 055055 048047 054047 049050 048049 052054 055051 052047 051048 047049 055050 051051 052053 047047 052052 048054 050048 051048 046052 047047 054052 050050 046053 052047 051053 047050 051053 050049 051048 054050 053046 052052
i232, 046055 054054 052052 047047 048051 047047 053053 051046 050053 053051 049054 047047 046051 047047 046047 053047 049047 055055 054050 055053 048048 054047 055049 050046 052048 051051 048046 053048 050047 049053 053051 047047 051051 051046 047049 047054 048047 046052 054050 054052 052050 050050 052055 050055 046046 047054 048052 052049 052046 055054 046047 055051 054050 050049 048049 055046 053055 052052 051051 047047 055053 047047 046046 054054 055054 048048 049046 054054 053054 051054 054054 054054 055050 052046 049049 052054 047047 053047 048049 055046 052049 047050 052051 053051 049047 051054 055055 051047 054047 055053 055052 051049 049053 047053 049054 051049 049054 054048 048049 052055
i562, 047055 054054 049052 054054 048051 047047 054053 055047 048050 054054 055055 052051 051055 047048 051052 054047 052049 047051 046050 049055 055055 046053 053055 052049 048048 051054 055048 046049 052046 047047 052050 054047 048054 052055 052050 048054 047050 046047 050054 053048 054050 046046 055048 053048 051049 055055 054054 046046 049049 050055 047055 048050 050047 048049 048051 055049 053052 051052 051047 050055 053055 047047 053046 048054 055046 050048 047046 051055 048050 051052 053046 049049 055049 046051 055051 046048 047055 055047 048053 051051 047049 047051 051052 046052 049051 054052 052053 050049 053052 051047 054054 052053 053054 049055 047047 046049 053054 054048 051046 046052
i782, 055049 054050 055055 049048 050055 046047 049053 046046 047050 048054 049049 054047 052054 047047 049046 055047 048055 048055 053053 046050 051048 049052 055055 050050 048052 051052 050046 048049 046053 051049 053050 047055 052052 046051 049051 054051 046055 046054 050049 053053 048054 047046 054055 046046 053051 054054 052053 052049 046048 052048 047046 050054 052049 047050 048053 049048 046046 055055 053051 053050 053046 047055 046055 054054 046055 053053 047050 055050 051055 052046 054054 053052 048050 048048 052051 053051 055047 052055 049049 046051 049049 050053 052052 053048 050052 050047 049055 051051 055053 053055 054054 052049 053055 047047 047046 050049 048053 054048 046051 052054
i654, 051055 052051 047049 048053 046046 047047 053050 049050 048055 050051 052055 048053 047051 055047 052046 050052 053053 055055 054047 046050 054053 053048 053046 047050 053052 053055 054046 051055 047052 055051 046046 047047 050047 048049 049053 050055 047054 047046 050047 050054 054050 050046 052049 050048 048048 051054 052052 046049 050051 047047 047047 046050 051052 048053 048054 055046 052053 047047 049050 046047 051053 047047 052046 052046 046054 049048 046053 054054 046049 051055 054054 053051 055051 048054 046055 048048 055047 049050 055048 051053 050049 050051 049055 052050 051048 051049 052047 049052 052052 055052 051047 047046 053051 047047 053054 049050 050050 054054 051051 055053
i119, 046052 050050 055049 046055 048048 046047 053049 050054 052047 048048 055049 047053 051051 054047 051048 055047 049053 048047 046051 055052 048046 049049 055047 047055 052053 052052 048049 049054 054055 055051 050048 047052 048050 048049 049047 048049 055048 054046 049049 054048 051051 051050 052054 055050 053052 047055 049049 049046 050047 055053 050047 055051 050050 049051 048050 046048 052053 055046 049049 053046 049053 047047 053046 052052 055047 050050 047048 054047 053050 051051 054050 052049 050048 048055 049055 051051 048051 052052 053049 049053 053046 047051 052052 049054 052050 051051 052054 055051 050048 053051 047054 051051 051053 047047 047047 047052 051049 054048 052055 052048
i762, 046048 054049 046049 050054 053048 047047 054053 049046 049052 051046 046049 049047 055055 048047 049048 048047 047047 052053 050046 046050 048048 049052 054048 047049 052054 053051 055049 050053 050052 053053 053053 047052 053047 049047 053047 053052 055047 054055 050051 050052 054051 050050 055048 048050 055046 054047 048051 046054 049046 050047 050054 055054 049049 049055 048054 048049 054054 051055 048051 053047 052052 047046 055051 052054 054049 049055 047049 052049 054054 048048 053048 049054 048050 048052 049051 053053 048055 055049 049048 052051 049050 047051 052055 046053 048050 051051 052046 052054 046052 049051 048051 051051 055055 047047 047050 051050 050054 054054 049051 046053
i740, 049048 052050 055047 049050 049050 047047 046053 046055 053050 054054 054055 055047 051047 047047 052052 052047 048052 048047 046046 046046 053047 052048 048055 047049 054053 052051 053054 049052 051050 051049 053050 053055 054054 046048 055047 047051 048053 046046 050054 054052 052053 050046 050054 053053 048046 053048 051055 054046 050048 047047 048047 049053 049047 053055 050053 046049 046054 047046 049046 048050 052052 047047 051046 052048 046046 050050 049051 054052 050055 048049 054054 049049 048048 046047 052051 051051 048048 052047 049053 046046 047052 047047 052052 053048 051047 055051 052051 052052 052052 051051 055046 049052 052046 047047 055047 051053 046054 048048 051052 053054
i217, 055055 054050 047049 047054 050051 052047 053054 049054 051047 054048 049054 048047 052047 047047 050053 050048 048053 051050 052053 047046 046053 052047 053053 050050 052047 055055 052052 049049 046051 047047 048049 047047 047052 048049 047047 051047 055055 048046 047046 048055 052055 046046 048055 048048 055048 055054 051051 046046 047047 055055 050046 050055 050051 054049 048054 048055 054052 048050 051047 047047 049052 047047 055053 046051 047055 050049 050053 051054 049048 049051 054048 049046 047055 052046 051055 051051 048046 047055 049054 046051 050049 050050 053052 048054 054054 055052 054052 047047 046053 051050 052054 053051 054053 047047 047047 052053 050050 054053 055051 055055
i330, 054055 053054 049049 046054 046053 047048 053053 049046 048050 054054 055055 047053 049051 047054 049046 053046 055047 055055 049053 046046 048047 053051 050053 050049 053048 054049 052052 050048 051050 049051 046053 046047 052053 046046 047048 047050 048049 055046 047050 053048 054051 050050 054054 050048 054053 049051 054053 049047 046047 055049 054047 050046 050050 053053 050054 048046 046047 048046 053053 055053 046053 047046 052051 048054 047046 049049 047053 050051 055049 049049 050054 046049 055048 052048 055051 052051 047048 049052 051049 048050 053052 047047 051046 048051 051051 048053 055046 055047 050046 048050 054051 052052 055046 047047 047048 049049 054053 050053 049049 052052
i702, 054051 054055 047052 046054 050053 047054 053054 046050 048055 049053 049052 047047 055055 047049 051049 055049 047047 053055 054046 046046 049047 047049 055055 049046 055048 051052 050048 050050 054047 047049 046046 047047 048051 048050 047047 051047 055048 047046 050050 054055 051050 050046 055055 050048 053053 047049 055049 049050 047050 051047 053046 050046 048050 055053 050046 055051 054054 046046 049047 053050 049049 049055 050046 050052 055046 053049 046046 049046 054051 049052 054050 054049 050048 053052 055051 052054 047051 052047 049048 055046 055049 050051 053055 053049 050050 051051 048053 052052 052052 053053 054046 049051 046046 055047 050047 053053 050050 050048 052052 046052
i56, 053049 054052 055055 049054 053051 048047 049053 046050 051054 053048 055053 053047 054047 047047 052049 055050 053055 053049 046051 049053 048053 052048 048053 050049 048052 055053 048048 050049 050051 048054 052050 054047 052047 055046 047048 054050 055055 054046 047051 048055 051052 050055 052054 050049 051055 055052 054049 046046 048047 050055 055050 055052 051047 051051 048046 046052 053055 047050 051052 053047 049052 047052 046050 054052 048052 049052 047053 051049 051054 046047 054047 052054 048050 052052 048055 049051 055047 052047 049051 054051 049046 053050 052055 046053 050050 051048 049050 052053 052047 050052 051051 053051 049052 052049 052050 050050 050050 054047 049049 052052
i490, 054049 052050 047055 047049 046049 049052 048048 047049 051054 051053 049055 047047 048052 047047 046049 055047 049048 054055 049047 052054 046048 049054 050055 049046 053050 054046 046048 049046 050051 054051 046052 054054 053049 046050 047047 054050 055048 047046 050052 054055 051053 049050 050048 050048 048046 048054 049054 049047 049047 047047 046048 049047 052055 047050 054049 052046 055046 050046 048047 053047 049052 048055 046046 052054 054054 053055 052054 055052 052046 051049 054054 052052 050050 052052 055047 048051 055052 050049 055049 050051 049053 050050 052053 051054 052054 048051 050048 051052 052053 051051 046053 049053 053054 047047 052050 049052 050054 054049 055049 052052
i746, 048049 055052 052055 047050 053051 047047 053049 046049 051050 049048 053054 047054 054055 047055 052048 055048 047047 055055 048053 046052 049048 053048 053053 047052 047053 052054 049049 053046 050051 055054 049053 055047 052054 048046 047049 049049 048053 054047 048050 049048 052047 048046 055052 048048 048048 055052 049052 054053 046049 047047 054055 049049 052052 046049 048048 055049 046048 046052 055051 053050 054047 052046 046053 054052 055055 053049 046047 054054 054055 049055 054054 049054 047050 052052 051051 051054 048049 052053 049049 048055 055055 047055 052052 046054 052050 050054 053055 055053 053052 051051 053054 052053 052053 051050 047051 052046 054049 047054 051055 052052
i305, 047055 052046 047052 053053 050051 047047 054055 050049 052047 054051 055055 054053 052047 048047 049052 055046 049055 047055 054055 047047 048048 048052 048053 050047 055052 051054 050055 051049 046051 051054 048049 047047 048048 052046 047047 050054 048055 046054 049047 054055 050046 051050 054054 049047 052052 054046 055049 048049 051050 049050 046046 051048 050052 049046 046054 049046 052054 046047 053046 047050 051052 047054 055050 052055 051046 050053 053050 050051 054053 047049 052054 053049 052055 046048 055051 046051 048048 055050 050054 055055 053049 047047 049052 054048 049050 048052 048048 046052 054047 052051 046054 049051 053054 047053 049047 050049 051051 054053 053051 046052
i807, 052047 050052 047055 050047 049046 047047 048053 047046 049050 049049 049053 055048 055048 047047 049052 049050 055047 054046 046046 050049 047047 048047 048053 047049 053052 052051 048050 050048 050052 049046 053047 053047 051051 049049 055047 047053 055047 054046 055049 048048 054054 046049 047054 050054 046053 048048 049049 053052 048046 049046 054054 049048 050052 048053 050049 050053 046053 047051 051046 053047 051053 047046 046046 052053 055055 055048 047046 054055 053054 052049 050054 050052 047048 048052 046055 051053 047047 055049 047049 051046 053049 050053 046046 049046 050049 048051 051053 052052 047054 053051 046053 053051 055049 049055 050048 050053 049052 050054 051053 051052
i567, 047055 050054 049049 053053 051051 047048 053053 054046 052047 054054 048055 054054 051051 047048 048052 055052 052052 055052 046049 055052 047048 048051 046047 049055 052052 053049 051055 046049 047046 054049 048048 053052 048047 048055 047053 047047 055048 054046 046050 054053 051050 054050 048052 048053 048052 054053 054052 049053 047050 050050 050054 050050 050047 047055 048048 052046 052052 052051 049053 053047 052053 047047 055046 052055 055047 049055 055047 054046 048055 046054 053053 049049 055055 048052 051047 051046 047050 055047 048049 054049 049050 047047 052053 054054 052055 048048 046054 050052 046046 051051 048046 052047 054055 054047 055047 052051 054046 048051 046053 046055
i694, 054047 054051 055053 054050 050049 053048 053054 055055 054048 054051 055055 047054 055053 047055 048052 052055 048047 055055 053046 053047 047048 048047 053055 050051 051053 051051 050047 050048 050046 053051 049052 047052 054048 046046 053047 053049 053055 047055 047052 054054 050051 050050 048055 055050 055046 052052 055052 049054 046050 055050 055048 050055 052047 053049 046050 055047 046054 054052 047053 053047 052052 055047 055046 052053 049055 053053 046055 047046 051049 049052 054053 046050 050055 053052 047051 055049 051047 047050 051049 051046 049048 050050 052052 052054 050054 052051 051047 050052 054046 053048 053051 054052 051053 050049 048048 050049 054054 049051 052052 046052
i283, 048052 050055 049053 047053 055053 052047 048054 046051 048050 049054 055049 054047 051047 047049 046048 048053 053055 048054 050051 053046 053047 048052 053053 055050 053054 047047 055052 048048 050055 051051 053049 054047 048047 048046 048055 049052 055048 054054 047050 052048 050050 054049 048054 050048 048053 055054 051055 054053 049047 047046 050047 053050 050052 049048 053049 046046 047054 046052 053046 053053 053053 054047 046046 048048 055048 048053 046053 051054 046049 055051 054054 046051 050055 052048 049050 054051 055047 053055 049049 051046 050049 051051 053046 048051 052050 046051 054054 051052 054052 052050 055052 050047 055046 047052 055051 050052 051050 047046 050046 052055
i408, 055055 050054 055049 049052 046051 047053 052055 049055 050050 054050 049049 046055 051048 047049 049048 047046 055053 053054 055046 053048 048047 048050 047053 055050 052046 054052 055050 050049 046055 049051 046053 047055 052051 052049 053052 047054 054050 047046 054050 048048 051050 046050 048052 048048 051048 046055 049049 049048 047047 055050 046047 055051 050050 049050 048051 049048 052046 051050 051051 050055 052053 048047 050046 054054 055049 049046 049050 047051 050050 049048 046055 049052 049053 052046 049055 051051 049047 048055 047049 051046 049053 047053 053052 055049 048051 051052 050052 052052 054046 046051 054052 049049 053052 055047 047047 053052 048048 046054 052048 053046
i781, 048049 052052 052055 054055 053048 052047 053048 055055 050048 049053 049049 054047 048048 048048 052051 047047 047047 054055 046054 055052 048050 048054 046055 050047 052053 051047 050047 053049 052054 049051 048052 047052 053048 046051 049047 052052 055047 046051 047046 053052 054050 050050 049054 055048 053046 054054 049053 053053 047050 055054 055047 051049 050055 049050 051054 055055 054052 051049 053046 055050 054053 049055 046046 052054 049049 053046 052047 052049 055054 047055 054054 049055 047050 052048 047049 048052 055047 052049 055053 046051 049049 050050 052053 051048 052055 049048 050054 052052 053051 052050 047047 047051 053052 055052 054051 053050 050053 048054 049052 052047
i277, 048054 052054 047052 054053 048048 054047 053048 055049 054053 048049 049055 054053 049054 047049 050048 046047 047052 053047 046047 047048 049048 052048 053053 047046 055047 055054 047049 050046 048046 051051 052048 052055 051054 046051 049048 051051 051047 055046 050050 053049 054050 054047 052055 055053 046053 052054 049049 053054 048050 049055 046048 051051 052051 053048 048049 048048 046052 050052 051053 047053 053055 047047 046050 052054 046052 050049 047053 055054 054054 049052 050054 049049 055048 046052 051053 051052 048051 052055 047049 051051 049052 051051 052052 048046 051047 051048 051048 052052 052052 053051 052052 051046 049053 051052 054047 046051 047050 054048 055053 053055
i398, 046049 051053 052047 054054 048050 046050 054053 048046 047055 048051 054055 051054 051051 048049 052052 046053 053053 047047 046052 047050 048054 051053 053055 052049 052055 053055 055048 046048 050052 049049 046050 052046 047053 048049 047047 050050 054048 046046 051053 050046 050050 050052 047054 048055 046048 049053 053054 053054 046046 055053 047054 050049 047055 048053 054050 055048 046053 054046 052049 047050 053053 055055 046046 048046 054049 049049 047046 050054 055051 046049 055054 054049 054047 053046 053055 051052 052047 055049 049053 051051 049049 046051 047049 048048 054049 050055 051055 054047 052053 049051 052051 049055 053053 052047 047050 052052 048054 054048 049055 046052
i671, 055047 055054 055052 048050 051053 052053 054053 050050 050055 053047 049053 052048 051055 048054 049052 047053 053055 055055 053053 049052 048048 051049 053049 046050 052052 053052 052049 050050 054046 051054 049050 055052 055055 055046 048047 054050 055050 054049 050050 048048 051054 046048 055055 055051 055048 053053 053054 047049 051048 050049 047055 051047 055052 053050 048054 052049 048055 051046 047049 050050 053055 055055 052052 054052 049055 049050 049047 054049 050048 049055 054054 054049 055050 046048 051049 048051 046047 049049 049049 051049 053049 047047 052052 054054 047055 050051 046049 051052 047050 055053 047054 051054 049047 051047 047055 054049 048051 049053 053051 052046
i375, 048051 054046 049055 049054 053046 048047 053053 049050 046051 048048 048051 054047 055054 047047 046052 049055 053047 053055 046046 055055 053055 054049 055055 050052 048054 053055 052049 048051 050046 051051 053053 047047 051052 055048 047047 053047 053047 046051 054050 054054 050054 050049 052052 049046 055048 047052 054055 053054 050046 051055 047054 051050 047047 051051 046050 049049 046054 047052 053051 053053 047053 047047 055052 048053 046055 050048 052053 051055 049055 049049 046048 052054 050051 048051 051054 051049 055052 047052 046051 046054 049049 055055 047054 047054 051054 051052 049054 046055 053052 051050 050055 051047 053052 049055 051054 052051 050051 053054 053050 048046
i446, 047048 054054 055053 050046 053051 047052 053053 054047 048054 054048 052053 055047 055048 054047 052046 049049 049049 048054 053047 046047 046047 052052 048055 049046 053048 053051 048053 048047 050046 054047 053048 046047 047048 055048 053048 050051 049055 053055 046050 048053 051054 051046 051048 055048 053053 048050 055051 053055 055050 055050 053055 046048 047052 049048 053054 046049 046052 047055 051046 050050 047052 055047 046055 054048 055054 046050 046047 055055 055055 046051 053054 049046 048050 048052 054055 053054 047046 053055 049049 051054 049050 055047 049049 046048 055050 051052 052054 046049 050052 053055 046054 053051 053046 047047 055050 050048 051054 054050 051048 052052
i663, 055053 052054 047049 053048 048049 048046 048054 049054 049050 054054 049052 053054 055047 047047 051052 055047 049053 055052 047054 055053 048047 051052 049049 052050 052047 047052 052053 046046 050047 051051 049049 047053 052052 048048 047048 055049 047053 046054 052046 055054 050054 046051 050047 049051 048053 048052 054052 046049 050050 049046 054054 047055 055050 053053 053051 054052 046046 055051 050049 047047 055053 047047 046046 055054 047055 053048 047046 046054 054050 052051 054046 046055 050047 052052 047053 048054 047047 053049 050055 055051 049050 051051 049052 052048 048048 048051 055049 049049 046053 052051 053052 051053 046052 047055 055046 054053 053050 048053 046048 048046
i677, 047047 052051 047048 049049 053046 047047 053052 050054 049054 049048 050050 052051 053050 047047 052052 048047 053053 050053 047046 047055 055048 049047 054046 054049 053052 054055 047048 050048 046051 049051 046049 047047 051048 048048 048053 051053 047050 046046 050054 050053 053051 050046 049055 050048 048055 053053 052052 053054 054048 047047 050055 050048 050050 048049 050050 046046 049054 050046 048053 050048 049049 046047 050046 054053 049046 050055 046046 055055 051050 055049 054047 052049 055048 046048 049055 051051 047047 050052 049048 053051 053049 050047 047048 051054 054050 053051 051052 052051 047054 051053 055053 050049 049053 055047 050055 052049 050049 050050 046051 052055
i288, 055052 055054 047052 046050 050051 047047 054052 049046 050047 054053 049055 055051 049055 047047 054047 049047 048047 054051 047053 049047 048048 054051 053053 046052 047050 055055 051054 053053 046050 053051 050050 054052 048054 051047 047051 050050 055050 046046 054047 048053 046051 052049 052048 048053 046046 049053 047052 048049 050050 055048 050055 055053 050048 051049 048046 055049 047052 046047 048051 053049 052055 049050 055052 054054 055049 055049 046047 054049 048054 051047 053054 049049 052047 048046 047049 051051 048050 052054 053051 052046 053049 053050 049052 054054 050046 051051 048048 052049 047046 051051 052055 054051 053049 047047 055048 048052 050050 046054 055046 055053
i343, 050047 054051 052053 049049 050051 052054 049046 046049 047047 049048 053049 048051 054054 047048 046049 050046 047055 047055 046047 048049 049046 052048 055055 049050 053052 055051 048052 050046 046050 055055 053050 050054 047047 048046 047055 048047 047048 046054 050046 055055 054051 046050 054052 050053 053051 049054 049054 050054 046049 046047 048054 048048 052052 048047 054049 055049 054052 051050 050047 054050 053051 047050 052046 051048 047049 049048 053046 054054 051050 051046 054054 049049 049050 048048 054054 053053 055047 052049 049053 055046 053049 050047 052052 055051 053049 052052 046050 047052 052052 051051 052047 052051 054049 047047 055055 048052 054048 047054 052046 051052
i752, 052049 051054 049049 047050 052051 054046 053054 054049 049050 049048 055049 052054 050051 047048 052049 050048 055047 046050 049047 047046 053049 052047 055053 046052 054050 053055 055052 050049 047047 048049 048053 046046 051053 046046 053048 050047 047048 052046 047047 055054 051052 050049 054054 055050 053055 053048 052053 053052 050047 049047 048050 047048 047052 048046 048053 055049 048054 052053 049053 047047 053049 047046 054046 052054 049050 053050 047046 054054 055049 051049 047054 049049 048050 053048 046049 051046 048047 053052 050052 051051 049053 049050 046052 054046 050047 051051 054047 047047 046052 053051 046051 046049 054053 047047 047054 052049 047049 050054 055048 046055
i240, 047055 046049 049049 050046 047050 048047 053053 049055 050054 051048 054047 047048 048047 047048 049048 047047 049048 051053 050053 047046 047055 052052 048055 055055 048048 052055 052052 050048 048055 051049 052053 047055 053053 046046 049047 053053 048050 054046 050050 051048 050051 050050 046048 048048 055048 049054 054049 049047 048051 055050 051054 050054 047052 053050 048054 050049 048046 052052 050051 050053 053053 046053 052051 046048 054054 046050 046049 054054 048049 054048 053055 049049 050055 048052 055055 051053 052049 049047 046049 051051 054053 047055 047047 054048 048048 054046 050053 047052 046047 051053 052046 052052 053053 055046 055047 050055 046051 050054 055053 055046
i39, 055047 052046 047047 050054 051055 053050 054053 050049 051052 051049 049053 053055 051054 052050 046052 055052 048049 051055 054054 046047 047053 052052 046049 050052 052046 054053 049055 050050 055046 049047 053049 054047 051048 046049 052048 050053 055047 055047 050050 048053 054053 046050 052054 050053 046048 055051 053051 053048 047046 046055 054050 050050 051052 053050 053046 052049 046054 047054 046053 053055 053054 054055 053046 048052 052046 049048 049047 054054 053051 051052 053054 049049 047051 052046 051055 046051 049049 049055 049049 051049 049046 055050 052052 054046 050050 052048 055050 048049 052054 052052 046055 052047 053046 050047 047047 048053 050053 054053 052053 046052
i684, 048052 053054 047049 050050 053051 048047 051055 049050 054048 051048 055049 047047 047055 047048 046052 052055 047048 055055 046052 048046 048048 048047 053047 050050 048054 052051 050052 053053 047046 049048 053053 048047 048048 049048 048054 052051 051051 054054 046047 053054 047051 050055 049054 049054 048053 051054 055052 053052 047050 050055 055054 053046 047052 050048 048049 049049 054046 050046 046053 055047 051047 047053 052055 046048 049047 048050 049046 052054 049046 048049 054054 049049 048047 052052 049055 052051 048048 047055 046051 048051 054053 047047 049052 052048 053050 051052 054054 046051 050047 051053 048047 047053 054055 047049 055051 052049 053054 047050 052052 055053
i731, 049055 052046 052055 048047 051051 053046 053049 049046 049054 051048 049049 048047 049049 048050 052046 055054 055049 048055 050046 049055 048055 048051 047055 046051 046052 052053 047051 048046 050046 051047 048050 048055 050052 050049 053047 050054 055047 046054 055054 048054 049052 046046 055052 046053 053053 054053 052048 054048 049050 050055 047046 050051 052053 049053 050048 052048 046054 047051 054051 047051 054053 055048 054046 048054 054049 050053 052046 051049 050050 048049 048050 049049 051050 049046 050055 053048 046047 049052 047052 054051 047046 053053 049052 051054 055047 052051 054051 047051 053048 051048 054054 053050 053049 047051 046047 053048 050052 049054 053046 047052
i407, 055054 054052 049055 050054 051050 047053 053046 049050 050047 048048 048048 052053 053051 048049 046048 046050 047053 055055 053048 046050 055053 052049 048055 053055 055053 053053 055049 053052 054047 049049 053050 046054 048054 049050 047047 054051 050048 047046 050055 050049 046046 046046 055048 053050 051048 054049 052055 049053 047050 047047 047054 055050 047052 055049 046046 055055 046054 052048 053046 054055 052049 052047 046050 046054 054048 049049 053046 047052 053054 054047 055054 049054 055049 048052 051053 047048 047046 055053 049049 051055 049049 047050 051052 048050 052047 051051 047055 052046 050053 052051 048047 051053 052054 050050 054049 050049 050049 050053 051052 048046
i511, 055052 054052 052053 050054 050051 052047 053053 046050 047052 051049 049053 047047 048051 049047 050052 052050 049053 051055 046046 050046 048054 052054 055055 046052 052052 055055 050050 049051 053047 055051 051052 055054 054051 046046 048048 047050 047047 052046 050054 049048 051050 047050 048055 053048 048053 054055 055055 046052 048047 054050 051046 052055 052055 050053 050051 048048 047054 046051 053046 053050 052053 053053 046046 048054 055054 046049 053054 051054 053050 055052 048052 049054 049055 046051 051051 053052 046052 053050 049049 046051 054054 051051 052053 048051 050055 055052 055051 047052 052050 048049 054053 051049 053047 050052 054047 047049 054050 047054 049046 055052
i603, 047053 052050 054049 048049 053049 053053 053053 055050 047054 054048 054055 055047 050047 048053 052052 047049 048049 050055 047046 046053 054047 052049 053053 055052 053048 055047 053051 048052 050051 054051 051047 047047 052052 048049 047052 054050 048048 054052 055049 050054 051050 051050 052055 054046 051051 054048 053053 049049 054051 047054 048047 051050 047052 049055 046046 055046 046046 052046 048055 047047 053047 055047 046050 054054 055054 050049 048052 054054 048055 052049 054054 054052 055050 048052 049049 047053 048055 047055 049053 048046 049049 047049 051049 051047 050052 048051 053051 052047 051053 051049 047047 052052 047053 047047 055048 048049 050051 054054 050052 055051
i215, 052046 053049 053052 050054 047048 047052 053055 049049 047053 049048 054052 054054 051052 047047 049046 048049 049049 051048 046051 055049 048055 049046 047055 052046 046047 049054 051050 051049 051050 055049 050050 052054 048051 048051 048047 050050 047050 046054 054050 048046 050054 050048 052055 047050 052055 054054 053054 049054 049046 055050 054054 053050 054047 050053 054054 052049 053054 052052 053055 050050 046052 047055 046046 054052 055046 053049 047047 047047 055048 055047 054054 052049 048048 047048 055051 053053 048050 052049 053049 051046 046053 047050 052055 054046 050053 054046 055055 047055 054052 051052 046054 053052 047052 046046 048051 050051 054049 054053 055052 052047
i519, 052055 046053 049049 054050 051046 052046 054053 055050 047048 050048 055049 054055 055054 047055 053046 049047 049053 055053 047047 053055 048047 046052 053055 051050 053048 054055 049050 049046 050046 049051 051049 047046 054054 046046 049049 047049 054055 046054 046055 048054 050048 050052 055054 050048 046055 054049 053049 052048 046047 055049 048047 051046 047047 048049 046048 046049 053055 046047 049046 053053 047053 055047 046046 052048 046049 049053 046047 054055 054049 051049 054053 048049 055050 053050 051055 049055 047048 052050 053049 049050 052050 051053 052047 050048 050052 051051 055054 055051 052054 048053 046054 047053 053053 048055 054047 050055 052050 053053 052046 055051
i462, 047047 051053 055052 049047 051046 047046 047054 046055 055049 047048 054054 053047 052055 055055 047046 048046 055048 055054 046052 055049 048048 054051 048048 050049 053046 053053 048049 046046 052050 051051 050053 052047 053048 049046 047047 050053 055049 047047 055046 054046 052050 050046 046048 048048 055046 055053 054051 046049 054049 046055 055055 053051 055047 048047 053048 048055 052046 047047 051055 053053 053051 047047 050046 054053 046046 046050 049047 049054 054053 049049 054054 054049 050050 048054 047047 047051 055046 052052 049049 051051 049049 047050 053046 048048 050046 049055 055055 052049 047053 051051 052046 055051 053054 047047 050047 052051 048048 046054 052053 052046
i595, 052047 050050 055052 050049 051054 052048 054053 049050 052055 053048 049055 050047 046049 048047 051052 055046 055053 052055 049051 051055 048051 049051 054055 052046 052053 054055 050051 049046 046047 047046 050053 053047 053054 046048 047048 051053 053048 053046 047050 055053 047053 050050 054055 048053 048053 046051 051054 053049 046048 055055 054050 051049 050047 051050 049050 047046 054049 049052 049048 047051 053053 047047 046046 048054 055055 048048 046046 054047 052055 048046 048054 049049 055049 048051 053046 051051 046047 048050 051055 054046 049053 047050 046052 054047 054048 048052 054055 049053 052052 052048 054054 046052 053055 047051 051049 049048 054054 053054 052051 046046
i6, 054047 053054 052052 054053 053051 047047 046054 053054 050050 049054 052054 048048 047048 047049 049048 052047 052049 047055 054046 050047 050048 050048 053055 050050 047054 054053 048052 048053 052054 049049 053052 052047 051054 046050 053047 050052 054048 055054 046046 048053 051052 050054 051052 054048 052048 052049 054054 053046 048046 055051 055050 055053 046050 053054 048054 055049 046051 046052 051055 047055 054052 047053 055046 047052 055054 050048 053053 051051 049050 047047 048048 049052 047049 048048 051051 051051 055047 047052 049049 046051 049047 053051 052053 046048 047048 052050 053052 047051 048046 051050 053046 050046 047053 055055 047054 048047 050050 046052 052051 053046
i153, 053055 052054 052053 050048 051053 047047 047048 053054 050054 048048 055049 054048 052048 048047 051047 050054 047047 047050 053051 049055 055048 052054 048049 046047 052047 052051 049054 048053 047054 051049 052049 054046 048050 049051 054048 050048 049047 054046 050051 054048 051050 050050 048054 051048 048053 049048 049047 053048 046046 054055 048050 054048 050047 053048 050054 050048 052052 051055 053049 047047 053046 046055 053046 052054 055049 047053 052046 054046 055055 049055 050048 052052 051055 046052 051054 051051 048046 055049 049049 046051 049049 051047 052052 049052 047051 051052 047049 052049 055052 050051 052046 052052 052051 055047 047050 050047 054052 048052 053046 052055
i673, 055053 054050 049052 054050 055051 047047 053051 046054 054052 049048 055048 052053 051052 047046 047049 047050 047048 051055 051046 051053 051051 049055 053055 048046 047046 055053 050052 050050 050047 055047 050048 048046 052047 046046 047047 047051 047047 054048 047046 055053 051051 052050 054052 048048 048048 050047 048054 049053 046052 055047 047047 050050 047050 054049 048046 049048 046046 047051 051053 046053 052050 048047 046051 050048 054055 049053 052046 054054 054053 055052 054054 046054 052055 052048 055051 052051 052052 047049 049049 053046 049049 047047 052048 054052 047050 049051 054049 048052 048051 053052 047048 052053 053053 055047 051047 052050 050054 053049 052048 054053
i771, 055054 052054 055055 054054 052049 054047 054054 054054 048049 050054 052055 047053 052053 049048 053049 046046 048049 055053 046046 055055 046048 048051 049053 050049 053047 054051 048050 048047 047052 051049 053050 046048 052047 048046 047048 055053 050048 052048 047054 048052 050049 055047 055048 050050 051053 054049 053051 049055 050047 046054 048047 050055 055050 049048 048048 050049 053054 047050 046051 053050 051055 047046 046053 052054 054052 055053 047053 051055 051054 051054 050054 048049 049055 054046 051047 052052 052046 052049 049049 055048 052052 051050 052049 048048 050049 054048 054053 052052 052046 055048 046052 053054 049051 051047 054050 053048 054052 053050 046051 054055
i487, 053055 050046 052055 050050 051055 050048 053053 049049 052052 053046 055055 051052 053055 048055 046048 047052 047052 055052 054053 050050 054054 048054 053049 049052 051053 053051 046050 049046 050047 051051 047052 052046 053047 049046 049047 050053 048049 054049 052050 048054 054052 046050 047051 053048 046046 052055 049055 053046 046046 053055 055048 048050 048051 053053 048053 049049 053054 052052 046049 047050 051053 048047 046055 053052 046048 050050 046049 054054 053055 046049 050055 049049 053048 046046 052055 051051 047049 049047 049052 046054 048049 050047 048046 047050 054050 051049 052046 047052 053053 051049 054048 047053 052053 047047 047055 047054 054052 054053 046053 055052
i57, 052055 052054 047046 046050 050055 050047 055054 046049 053053 055051 049049 047054 047055 048048 047052 053055 048053 047055 051054 051053 055048 054054 055051 049049 052054 051050 049050 046046 048046 054051 046053 047052 055053 048049 055047 053054 047048 046046 055046 046053 047047 047051 046048 054053 046054 052054 052053 046049 051048 055055 046054 050050 047050 049051 053048 049055 046055 052046 053053 050053 053055 047054 055046 054052 055055 048050 047047 054047 051051 047052 053046 052049 053055 048052 055049 055047 047047 049052 049050 054052 054049 055047 052050 048048 050052 048049 050055 046052 050046 051051 046054 053051 054053 047052 055051 046051 046053 054054 053051 055055
i423, 047055 051054 053049 049053 051052 049047 053053 050049 053047 054049 046053 054054 051051 049049 049049 049050 052047 048055 046052 046049 048048 052054 055055 047050 053053 050052 048050 048050 050050 046051 046054 053046 047048 052046 053047 050050 047049 054046 046052 052048 051047 046050 048055 053050 054055 052055 049048 051051 047046 047050 047048 048051 054050 050048 046054 046050 055053 052052 048053 053053 053053 055046 053046 054054 050046 049048 050046 049047 055052 052047 050050 052048 050048 052052 049049 053048 047049 052055 054049 054051 052049 050051 051052 052054 048048 051048 050053 052052 052052 051051 047048 051047 046053 050055 054047 053052 054051 054053 052055 046055
i282, 047048 052052 049049 048054 051048 052052 054053 046055 052054 053048 055049 054048 051051 048049 052053 047046 052047 052055 046053 048049 048046 051054 055055 049046 052048 055051 048050 053049 048047 055051 052050 050054 052053 048051 047047 050054 055050 054054 046046 053048 046051 052046 052048 049055 046046 047053 053051 049053 047046 050050 048051 050055 050046 048053 050053 046048 052047 055046 046046 051053 051053 047055 055046 051052 049046 049048 046047 054052 049053 049052 054054 054050 050048 048048 051053 054051 046047 052047 046051 048051 049048 055047 046049 046048 050052 050054 055053 047051 052052 053049 046051 051053 053053 050053 047047 053051 048050 054048 051050 052046
i2, 053046 055054 055049 048054 046053 047054 053046 046054 050048 047053 055048 048055 054052 047049 052051 048052 053047 052055 054046 053047 047048 048048 048049 050047 048052 047052 050052 050050 046050 049047 052048 054046 048053 048046 047054 047050 050048 046046 054050 054055 054054 050050 054052 049047 048048 055047 051055 053046 047048 055055 050047 055053 052050 050048 054048 050055 055046 047052 046048 050053 049051 055055 053055 052052 047049 049049 046052 051050 050053 048050 054054 049050 050055 048054 047047 051051 047052 052047 047051 046051 048049 047047 047046 051048 050047 049054 050051 048055 055054 051055 054055 051051 053046 047055 047047 049050 050050 048048 046046 052052
i419, 046047 055054 047055 048046 051053 047048 053053 055055 050055 053053 055049 052051 052055 055049 051052 055046 047047 050055 050054 052046 048055 049052 053053 050049 052046 055051 049050 046051 050047 047054 046050 055046 048048 055049 048048 050054 050051 046051 054047 048052 055051 050050 054048 050050 052048 050054 054051 049049 047050 055050 050054 052055 052052 053049 054048 055049 047048 054052 047047 050046 049046 055047 053046 046052 054047 050049 046046 050054 050049 051055 054053 049054 052053 052046 054053 051051 047049 052050 049048 046046 054050 053047 052051 050052 050047 048054 055054 052049 052052 048050 054053 053047 053053 047047 055047 051050 051054 051054 051052 052052
i512, 048052 053050 047052 048050 051053 047048 048048 049049 053048 048054 055047 048052 052047 049047 052049 048047 047052 055049 054054 047051 054048 054052 046053 050055 054046 055051 050051 046047 046052 053048 048048 047048 052052 048047 049054 053053 050047 047047 054050 055053 052046 050046 054052 048046 048051 054054 054053 049053 046050 055055 050046 048050 047049 051051 053054 055055 046049 052052 049046 050047 051052 047049 046046 054052 055055 048050 052046 054047 051051 052049 046053 049049 050050 052048 051055 053053 046050 049052 047048 046049 050047 047047 052055 046054 047055 051051 054052 051049 046052 053050 048047 053051 047055 047049 055047 051053 050046 054048 055051 046055
i525, 047047 052052 049049 055049 046052 046053 046049 055046 054051 048049 054055 053053 047048 048049 048052 047048 047053 054055 051047 052048 047048 052047 047055 050050 047047 053050 054048 046054 055046 053051 048053 047047 054053 049046 048047 051051 055055 054046 050046 048052 047046 046050 055054 055053 051055 055052 050055 049049 046046 049055 047051 051050 050049 053049 053050 048048 054054 047050 046046 053053 047053 049047 055046 047054 054055 049049 046046 054047 055053 049048 050050 049054 055053 052053 055051 049050 046055 049050 049052 051051 054046 050047 055050 054047 050048 051051 052055 052047 046047 052051 055047 051053 053051 047047 050048 048047 053051 048046 053046 051052
i187, 055047 050055 047055 050048 051047 052054 053053 046048 055047 053053 049055 047047 051052 048047 049052 046054 048055 052055 049046 053046 048055 054054 053048 054046 052052 054048 052048 050050 046051 049049 051052 053047 052051 054049 048047 055055 047053 054054 054046 048055 049047 050050 052052 055050 048055 049054 046054 054049 046047 049055 055048 050054 050052 050055 054048 049050 046054 052051 046046 050047 046053 047053 046053 054054 052054 050053 053046 048051 055054 052054 054054 050050 055055 049052 055049 051051 055047 047052 049055 046046 053050 047050 052055 054052 047050 050053 052049 046046 052052 048054 046046 055047 051053 055052 055048 049049 050052 051048 050046 052053
i98, 050047 050053 055047 054053 050050 047047 047053 050054 050050 054055 054049 047054 051051 048055 047052 055049 048052 053054 053046 053055 050046 054046 054053 049055 052047 049053 050054 053050 046050 054046 053046 054048 048053 050049 047047 047050 050055 049049 054050 053048 053050 046050 049052 048055 050048 055053 051054 053049 046047 055053 051054 050055 051049 049053 054046 046048 052054 052052 046051 051053 055053 049047 046046 047052 050054 055053 046052 054055 053053 049047 046054 049050 053055 048055 049053 053049 047055 053050 049051 048055 049053 050047 052049 052046 050052 052051 052054 052049 050052 050047 048052 047051 054046 050055 050050 051051 049050 048048 048046 047052
i458, 048054 054054 046052 053048 051052 050047 053054 049055 047048 049054 049049 051048 047050 049047 050052 049054 049053 052047 046054 046055 055048 048051 054047 046053 046052 055047 046046 047053 054050 046054 053047 047053 047048 046051 047047 050053 047047 046055 046046 048054 053054 050050 048055 048050 055053 053052 054055 049049 047048 049055 055054 048050 050047 049051 048054 048055 048055 047054 053055 047055 053051 055055 051046 046052 049054 049053 046053 054047 055051 048054 047046 049049 050049 052046 051051 051051 048047 049049 049049 054055 055049 050050 053052 051048 050050 051048 053054 052052 052046 053051 051054 046051 052052 050051 051047 049052 055054 054048 050046 052047
i605, 055053 054050 052049 054050 054051 047054 046053 049049 049055 049047 047054 052047 048048 048053 052052 054047 047053 047055 049046 050054 055048 049046 049048 052047 053048 053051 047051 046049 051054 047046 050050 048053 053051 048046 048047 054051 049055 055046 054046 054048 049050 046046 052052 050054 048048 055054 048048 053054 055050 047055 047050 046050 052049 051049 048048 049048 054046 046052 053053 050046 053054 048053 046046 054046 052047 046049 049052 047055 053054 055051 048054 054054 051050 046054 052053 051050 055047 050052 049049 051051 049049 047047 051053 051051 048048 050051 053046 055052 053048 051053 053052 051049 047046 050055 047054 051050 050050 050054 051046 052052
i90, 049050 052054 049055 050053 047052 047047 054049 046050 055052 048047 054055 047047 047047 049053 051051 054047 049047 052055 054047 055051 047047 050048 055053 052049 047046 053055 051051 046051 054051 047049 046053 047054 052048 052046 055055 047050 047048 054052 054047 046048 047051 046049 055055 046050 053053 054055 051049 048055 049047 055055 046055 047046 047050 053053 048046 052046 046046 047049 046049 054053 052053 047047 046046 048054 048055 055053 048046 047046 046054 046049 054050 049049 050055 048053 049046 053054 048051 055055 048049 049049 049048 050051 047047 054048 050050 051049 049053 052052 052055 052051 054052 051051 049052 046047 051051 053054 055054 048050 048046 052050
i690, 052049 055053 047052 053053 051052 047047 049053 050046 052051 049048 051054 051054 055053 047054 046052 046055 053053 049051 047047 047055 055054 049049 053053 046050 046052 055053 049049 055053 050048 051046 053050 048053 051047 049046 047054 055047 055047 054047 055054 050048 054047 046052 052048 046049 055048 051047 047053 049049 048049 051047 055052 050050 047052 049049 046049 054052 047053 052047 047049 047053 048051 053047 046053 054055 055049 049049 049046 055047 054055 048055 054054 049055 055050 053053 054055 047051 046047 049047 050050 051049 049053 050047 048052 047048 050050 054051 055055 049054 047049 051052 048046 051047 053049 050047 055048 050051 054051 054050 049046 047052
i367, 047049 052054 047049 054050 051055 055047 053053 047047 050050 048048 055051 054053 051046 048048 053053 049047 049053 054050 052050 055048 047048 049049 053046 051046 046052 053052 055050 050049 052046 046051 048053 047046 051053 055049 053054 051054 047047 055055 047054 048046 051054 054050 052048 047048 048055 055055 049051 046049 046046 055050 054047 046050 054052 049053 048048 055055 050051 047046 047051 053048 049052 046047 046052 048054 049049 053049 046049 049055 049054 048048 053053 050052 050050 052052 051046 051050 055047 055046 047051 051049 049054 051047 055049 046048 055049 048051 051052 052049 053052 052049 048047 051052 055053 049053 047054 048049 053050 050051 055049 055046
i189, 055053 053054 049055 054049 046053 046047 049048 049050 050052 051049 054049 054054 047051 047049 051051 052046 048048 052052 046046 055046 048053 052049 049049 046046 054054 053054 052046 050048 050046 047051 048054 046055 052047 055054 047047 047049 050048 046055 054054 048048 049054 050046 046052 050050 048048 052054 046048 046053 050050 053047 055046 050051 052054 046048 047054 054054 052052 047046 050055 046053 047052 047053 053046 054048 055055 053046 047046 054051 049053 049051 050050 047052 051055 052052 054055 053051 055047 052050 054049 046049 055046 047047 046052 054052 052054 050052 054050 047051 046047 053055 046051 050051 052053 047055 048047 050050 052053 046053 046048 046046
i426, 049049 049055 055047 046050 049051 047050 053050 049050 055047 049046 049049 052052 048053 049049 052051 054053 053055 055055 053047 047046 055048 051051 055055 049050 053048 052054 048050 053053 050046 049049 051052 046047 054048 050046 047047 050047 047047 053046 052050 053053 050054 050046 050054 054050 048054 054054 054051 046048 049050 050055 046051 055055 054050 046053 046050 049049 054055 046050 050049 047050 053055 054055 055046 055054 046047 050049 047046 055054 046050 049046 054050 049054 050047 049052 055049 051051 049055 052055 053049 053051 055054 050047 052052 053049 055050 046051 054052 052052 052053 053053 051051 051047 053053 051047 047055 049050 051050 053054 052048 055052
i675, 050050 054054 052052 049046 055053 052047 053049 049049 047052 049049 053047 054047 055052 050048 049053 047050 053047 055047 046047 055046 048046 052055 053047 051052 047048 053052 050050 046049 053047 049053 047052 047046 052050 049048 053047 052051 050047 046046 054053 054055 050050 050049 052055 054053 054048 052051 049053 049047 054046 049047 047048 050055 050047 054049 049053 046052 046054 052048 055047 053047 054053 053047 055053 051048 055055 055049 046055 051054 050055 048047 050050 049054 048055 049046 055049 051047 047046 052049 046047 050046 049049 053051 053053 048046 048048 049051 055052 049049 046047 051050 051053 053047 052049 047047 049047 050049 051054 048048 048053 046051
i168, 047050 052055 049047 050053 047055 047047 048053 049050 049047 053053 053055 048051 055055 055049 052051 052046 049053 053051 046053 046051 047054 046052 053053 046049 054048 049054 051052 050050 050050 051053 048050 052047 047054 048046 048055 051051 048052 054046 050050 048054 047054 046046 050052 048053 053048 052055 048054 049049 054050 048055 048048 051051 047047 049050 049054 049046 046052 050046 051051 046046 049055 053051 055046 046052 054050 050050 046049 050055 050051 046049 054053 054049 055049 055052 049053 052052 047046 053053 049048 055046 050049 046047 052049 049054 051054 048054 054055 048052 046047 051051 046046 051051 054054 055055 054054 053052 046049 050049 051054 052054
i557, 050050 053050 049055 047054 048055 054046 053053 049050 054054 051048 049049 054047 047052 047047 048046 046046 047053 055053 050046 055050 048054 048048 053053 046047 052048 055055 052055 046053 050051 048049 052053 053047 048048 051046 047048 054050 055048 055046 050054 052050 047047 052051 054052 046048 048048 055047 053050 055053 047046 055050 054046 047048 047052 050049 048046 055053 053046 055050 051047 055050 047052 047053 046052 052052 046049 050049 046054 048054 055053 050052 054055 046052 054055 055048 055051 048049 055052 052052 047046 049051 049055 051051 046051 048048 052054 054048 050055 050051 047049 051049 055047 049052 053053 047052 055047 050050 052050 050053 046053 055052
i608, 050054 049054 047052 052054 055046 054047 053053 046049 052050 051048 054055 054047 051047 047047 055050 055047 047047 055047 054054 051049 055055 048049 049050 050049 053047 049048 051050 050049 052048 047051 048048 052047 054054 050049 047053 054051 046048 046046 055046 048053 049046 048050 054052 048055 054050 048053 049051 049049 049050 055055 047047 049055 054054 050049 048046 049046 054046 050047 051046 046053 052051 050055 053046 054054 046047 050048 055052 047047 054046 049048 046054 049052 049047 049052 052051 049047 047055 052052 048049 049046 049054 050047 047051 048051 051046 051051 051051 052052 052051 054051 055054 051051 053046 055050 055047 052052 054046 050049 048053 051052
i252, 047047 054054 055052 054046 051051 046047 053053 049055 053055 054048 049053 047054 051055 048047 049046 050055 053055 050055 053054 055048 051055 052052 053053 048052 048048 053052 050050 050049 052046 051054 052046 048047 053053 051046 047055 047054 055050 046047 050050 055053 054052 050046 052048 048048 048053 054047 055052 049054 046050 053048 046052 055051 047052 051051 048050 052054 054046 052046 047053 047050 053052 047047 046055 054054 055055 053053 049046 047046 050053 049048 050048 050049 055048 052048 049051 046055 047052 052052 047048 053046 049049 047050 052049 053049 052048 051051 051055 048051 053050 051052 053047 049051 051049 055047 055054 049051 048051 049053 051046 055046
i579, 047046 054055 052055 050048 053055 048048 048053 049055 048047 054054 049055 054047 055055 048050 052052 047047 047049 055048 050053 048055 048053 049053 046049 049055 053052 055051 048047 049049 050052 054053 052048 054047 048051 046046 053048 047051 055047 054046 049055 048052 051050 050050 055046 054046 053053 047054 052051 047053 046046 048055 055050 048049 050052 049049 048051 049053 046046 046055 051051 053047 053053 053048 052046 052046 054055 049055 049053 055055 051051 055055 047054 052049 050050 053052 055051 051048 048048 048053 054047 051055 050054 050050 053050 054047 050054 051054 053055 055052 055047 051053 054046 055050 055055 051047 048048 050051 051050 054047 052051 051048
i459, 050055 055054 053049 053054 051051 047047 052053 055054 049049 048052 052054 054055 052048 049054 049048 047050 053047 047048 047047 049055 048048 051048 048054 046046 052053 053055 049050 053052 046046 051053 051053 054054 051048 046046 047047 052053 047047 053054 047046 049048 050050 050050 050046 050049 046053 055055 051049 053047 047046 051055 052054 051051 055050 053053 046048 048049 052053 047047 046051 053050 047052 055055 046046 047054 055049 048049 046055 049054 051049 049051 054054 049046 047050 049048 049055 051053 046052 047047 053047 049046 049054 047053 052046 048054 052049 048051 054051 048051 053052 051051 054048 052052 047054 055047 050049 051051 050048 054053 051052 055048
i279, 053055 054054 047055 047053 046051 047047 055053 050055 054052 054054 055050 054048 051054 047047 052052 047050 047053 055048 052046 049051 048053 054049 053046 047052 053048 055052 052052 049050 050050 051047 052048 047053 050053 046049 053047 050050 055047 054053 050050 049053 052053 050050 052054 048055 054053 053053 052055 049053 047048 055050 055054 046051 052050 049048 046047 049048 054050 052052 046049 050053 046055 055046 046052 053054 046049 049048 046047 047055 055049 051052 055054 049046 055050 054048 046051 052051 047052 052047 047051 052051 052053 047047 046052 054046 053050 052051 048053 051047 047046 048051 050052 052047 052053 052055 047055 052048 049051 053053 051046 055052
i736, 047049 054054 047052 053047 048047 047052 053046 047053 048051 048047 049052 051054 051048 047055 052052 047049 046047 047051 046046 050049 046055 054055 048055 046055 048048 051046 050049 051046 047050 053055 052050 047047 054048 049048 047047 050054 050048 054054 054055 048053 054053 047046 055055 049049 048048 055054 054050 048050 050046 054047 046054 047050 054047 052050 053046 049048 052054 051046 046051 050050 050053 047055 055046 054054 046055 049053 046046 055047 046055 051054 054054 052049 050055 048053 047049 052048 048048 052052 049053 049048 055046 050047 052052 051050 050050 051048 051055 052052 053052 051051 048047 047053 053055 047047 047048 046048 048050 048054 051046 046052
i591, 048047 055051 047049 047053 049052 053053 049048 050050 048047 051048 055052 054054 049049 047048 053048 047055 049048 054053 053047 046051 048048 048054 053053 051049 052049 054055 051050 049049 053050 053054 053048 046055 055053 049046 047053 055054 047047 051049 055047 048054 050052 049049 052052 053055 048051 048054 055053 049049 047050 048050 055055 051049 049047 049048 048050 052049 046054 046046 048049 050053 049051 055047 055055 052048 049047 048055 048055 055054 055054 048054 054048 050050 055052 054048 051049 048052 055047 052050 049053 051051 049049 052047 052052 052046 050051 054048 054054 047052 054053 049051 054054 049053 054053 047055 051047 050052 054053 054051 046051 052052
i788, 049052 055052 052049 054049 047050 055054 053054 050054 052047 052055 055053 054053 047048 050054 048050 049047 047053 047054 046046 055047 049055 048051 048048 052050 052053 051052 054055 051051 050050 048053 050047 047053 052051 052051 053047 048050 048048 054049 046047 048050 047049 050050 048054 046050 053048 048051 051049 050048 047047 055047 054047 046050 047052 053049 054050 049054 046054 053050 047054 053047 047050 047047 046052 052048 055055 049049 047050 055054 048053 048049 050050 054054 050049 048048 049053 049051 048047 049055 053049 051051 049049 050047 050052 052049 050055 051048 048053 046047 052048 048051 046046 053051 051053 049047 052052 047052 054053 054049 051048 052048
i632, 055047 053054 055047 054048 053051 047053 053049 050055 047053 051048 049049 047054 047049 047047 051051 054048 047049 048047 054048 050046 049054 048048 055047 050046 050052 055050 048048 050049 048046 047050 051049 047047 047051 048048 047047 050050 050047 046046 050050 053055 050046 050049 054054 052055 053053 047054 053054 049055 050048 055055 053055 054047 050050 053053 050048 046055 052052 046052 049055 046048 051053 046047 046046 048053 049049 053046 046049 055051 049051 051049 055054 052052 048047 052052 049055 051051 052047 049047 049049 046051 046049 046047 052052 052054 047055 051051 051053 047047 053053 047054 053047 052050 053052 055047 050047 052053 049050 054054 052052 052047
i297, 051055 050053 046055 049048 052051 046047 053054 050054 049052 049049 055049 054052 055054 047049 052052 053046 047052 054054 054050 047055 051055 049051 047053 046052 055052 047053 046050 050049 047054 049054 053048 052046 051048 046051 055055 053051 055054 054046 047050 049054 054051 050046 047046 055055 048048 055054 055054 052049 050052 046047 055046 050050 050050 050050 048048 049049 048048 052055 051047 055051 053053 047047 053052 048054 055046 049053 046046 054054 046051 049049 053054 054049 055049 048052 055053 048051 047055 047048 047048 046051 055049 047053 052052 054053 047051 054050 051054 049046 053052 046051 047047 049046 049053 047046 051047 049048 054050 054050 051046 055055
i753, 055047 054049 055055 050054 052051 053052 053053 049054 047048 054049 055055 051049 055051 048053 052046 052052 047049 051055 054054 049053 047048 054054 055048 049050 052048 051051 053048 048053 051046 049053 053053 047047 053051 049046 048053 050049 049048 047055 050047 053048 050054 051050 055052 050050 054055 049054 047053 047049 049046 051049 055051 049055 055049 050050 051053 055048 050049 052052 046051 046053 052055 050048 055055 052050 047049 048053 047046 055054 054048 046052 054054 049049 055055 046052 051055 051054 055055 047049 047054 055052 053049 051050 052052 054048 052050 049052 053055 052055 053052 048050 052053 052052 053048 055055 050049 053052 049052 054053 046051 046053
i527, 052047 050054 052047 050053 052053 047052 051051 049049 054052 054054 052055 055048 055049 047049 052046 047049 048048 053055 051049 053053 047047 051053 053055 055046 055052 055049 049046 053053 046055 047049 046050 054054 048054 048055 047049 049052 052048 052046 054046 053048 050051 050046 052048 048050 055049 049053 048054 050050 047047 047049 050050 050050 049048 047050 046048 054050 052046 054046 053053 053050 047054 055047 046055 053054 049055 049055 050048 052047 055054 046049 047050 049054 050054 053046 055051 048051 052052 049050 049053 049049 046052 050047 052052 048052 052052 049051 049046 055052 053048 046054 047047 050051 053055 047055 047055 050050 053053 054050 046051 046046
i650, 052051 046050 046047 054048 050046 047052 047055 055050 054054 054047 055049 049048 051053 054049 047047 054053 053055 054055 046054 055055 048053 048049 047049 055052 054052 047055 055055 049052 051051 055049 053046 055054 054053 049048 049049 053050 047055 046054 052049 048050 051048 054049 048048 048051 055055 049052 055053 049051 050046 047047 054054 048047 050052 049053 048050 048049 053047 054052 048051 046055 054054 055053 055046 046054 055055 053055 049049 049054 046051 052049 054048 054046 048050 053052 049053 048055 047047 054047 047050 051050 047053 051051 055052 054049 050052 048052 051055 047047 046051 052054 054047 047051 052053 046047 051047 049050 051046 054050 046046 052046
i219, 051048 052052 052055 048054 051046 054050 049050 055049 047050 051047 051049 055052 049052 049047 052052 053047 048049 047052 053054 047046 055047 047052 053055 047049 053048 054047 055054 047049 050048 049049 050053 047047 055048 051049 049047 050052 050055 054046 054050 054054 050054 049053 055054 054048 048046 052054 048055 052046 046049 053047 055055 046051 055054 049053 051053 049049 047052 050055 047053 047047 051049 047046 055055 054048 055055 049050 046049 051054 054055 055052 053054 049046 050055 048053 051051 048046 048047 049047 047048 051055 053049 051047 052052 048052 050047 048048 050054 051055 053054 051051 048046 050047 051053 052046 047047 049049 048050 054050 052048 055052
i148, 051049 052049 052052 054050 052053 046047 053054 055047 050053 051048 049055 048052 047048 054048 052052 046047 047055 055055 050053 046047 053049 048054 053048 046046 048047 055055 052050 049048 050053 053051 053053 047054 052054 049048 047048 050051 050048 055054 049046 053053 050052 050050 054052 053050 046053 054052 048049 053053 048047 047050 047050 055050 052050 053054 050048 050047 047046 054051 053053 047050 053051 049053 053053 054052 054054 050048 047046 054054 053055 051048 053054 052049 049054 053048 054049 051051 047055 052047 051046 049046 053046 047055 049052 048053 050052 048049 051051 047052 053047 048051 046047 050047 053053 050047 047048 050052 054048 054047 051046 052051
i488, 047047 053053 049055 050054 052053 047047 049053 053055 050054 049049 054049 047053 051055 047049 053052 052047 047052 055055 054053 047047 048048 050052 053048 053049 048047 049051 048050 049050 048050 049051 052046 053055 047050 055048 047047 050047 051048 052055 050055 048055 047051 050048 046051 050051 048046 052047 049053 046054 046050 051055 047047 055048 047055 048052 049048 049050 054054 052048 046053 046053 050051 050055 047046 048054 049050 048049 049046 054054 051049 047051 050047 049052 049048 053052 051054 051048 048047 047052 053049 055049 046053 050051 046052 051051 050054 051054 054049 052047 049053 051053 047047 051046 052053 047047 047051 050051 051050 054054 049052 048052
i314, 055055 055053 055049 054046 051047 047047 054052 049054 052046 047053 055049 055053 053055 048049 046052 046047 048051 048049 051051 049047 050048 053053 053055 052052 052047 052053 052048 050050 050046 049055 050046 050046 052055 047046 047052 050047 047050 055054 046050 049054 050050 054046 051054 050055 054048 055054 054054 047054 055047 050050 055047 050048 049049 053050 048050 054049 052053 046052 051047 050050 052047 047055 052046 052048 054055 049049 048046 047054 051051 052046 050050 049049 055050 048053 052053 054049 047055 054052 051049 051055 053049 050050 048049 052052 048054 052051 055055 049052 053047 051048 054051 047047 055053 052047 055051 050050 048054 054048 051046 052052
i298, 051050 053053 049052 050047 053051 047047 053053 055050 055054 054048 055049 054054 047054 047054 051052 048053 047055 047053 052051 046050 048055 052052 048053 050055 053047 047049 053052 050050 046046 051046 052052 047054 052052 046049 047047 050050 047050 051046 054054 046054 050050 046050 052054 048049 053048 052052 054050 053049 046051 055055 054046 048051 050051 050050 054053 049050 050047 051048 049053 047054 054049 053055 046053 054046 049055 049049 047046 046047 055049 046055 049054 054049 050050 048048 047051 053052 048047 047052 049046 055055 050054 051050 049052 054047 050052 048053 054053 052049 052051 054049 053054 051047 053055 047047 055047 051050 054054 051054 052055 055055
i749, 049047 049050 049049 048049 050046 048054 053053 054053 048050 048051 055055 054047 046053 054047 052046 046055 048049 051055 054053 055052 046049 052051 048055 050048 052051 052052 050049 048049 054050 051055 046048 050047 052051 046048 053047 051051 048055 046054 054050 053048 054052 055046 047054 055054 054053 049053 049053 054053 047048 047055 047047 049055 047055 048047 054050 055051 054046 052052 053048 046047 052051 047051 046049 047048 055054 049050 046055 055054 050050 052052 054053 049049 050051 053053 051049 046053 051047 053055 050048 051055 052046 047047 052052 048054 049048 054051 051048 047047 046049 051051 055054 052047 053049 055047 054047 052052 053050 054054 049055 052052
i172, 049052 055054 055053 050050 051053 047047 051053 054055 048054 051048 049048 047053 053049 052049 052052 050047 053053 055055 046054 053052 046048 052052 050055 047048 054054 053055 048055 049050 047051 051047 051053 053055 047055 046049 051048 050053 055054 052046 046054 049048 050054 050050 054054 050054 051048 053053 049055 049052 047052 046050 046055 054055 052055 050055 046054 052055 046048 051047 052053 048053 053054 055047 046049 054053 055055 048050 046046 054055 054048 052046 054054 049049 048053 052048 055049 047053 047052 047052 054049 051051 046047 047047 052050 046048 050050 048050 054052 052047 046053 051051 047047 046049 054052 055048 047055 046050 054053 054050 055055 052052
i102, 047055 054054 047052 049046 053051 052047 050053 046053 047047 048054 047052 054052 055047 054048 052052 047046 055053 055053 053046 046049 048048 054049 053046 049055 054047 052054 050050 049050 046050 049054 048049 047052 048052 049049 049053 051051 053046 054054 050054 053048 052050 046050 054048 053055 051055 055054 052053 046052 052046 049053 047046 046049 049048 049050 050054 049046 054054 047052 055046 053048 053053 055054 046050 054054 055055 050053 049046 049051 055049 055054 054053 049054 055053 048051 051046 053051 051055 049053 054049 052046 053052 050051 052049 052047 050047 051052 053050 053052 050053 049047 055047 050050 052054 051053 054054 051052 051053 054054 046052 046046
i120, 052052 054054 049049 049048 048053 054046 054055 055046 052048 048048 052049 052051 051047 055053 052052 046047 052049 055053 047053 053047 047048 049049 055048 047050 052047 048055 048052 053048 050050 053053 050051 055047 051053 047048 055047 053050 050047 046047 050050 052055 050051 046052 055052 050050 055048 049055 051052 049049 047047 053047 055055 050049 052047 050049 051048 046052 053046 046049 048046 050046 055052 047054 047050 054046 049047 049055 049046 050054 055048 052049 054053 049052 055055 046052 055049 051051 047051 052054 046052 052046 054049 051050 049052 046051 052054 049048 055046 051051 051047 051051 046054 050047 049053 047050 050049 052050 054053 054048 046052 055046
